45.39152;9.19574;1
45.40061;9.18236;1
45.40113;9.15457;1
45.40202;9.18190;1
45.40322;9.15767;1
45.40407;9.15687;1
45.40438;9.15727;1
45.40445;9.20827;1
45.40509;9.20935;1
45.40581;9.18846;1
45.40806;9.15923;1
45.40878;9.22126;1
45.40904;9.17505;1
45.41266;9.17178;1
45.41277;9.20569;1
45.41294;9.24045;1
45.41302;9.17170;1
45.41331;9.17075;1
45.41374;9.16279;1
45.41398;9.21168;1
45.41400;9.16267;1
45.41409;9.16241;1
45.41436;9.17518;1
45.41459;9.17091;1
45.41501;9.17323;1
45.41516;9.16355;1
45.41517;9.17533;1
45.41664;9.20480;1
45.41672;9.24153;1
45.41695;9.17813;1
45.41724;9.17203;1
45.41743;9.16466;1
45.41843;9.17616;1
45.41852;9.19438;1
45.41856;9.16539;1
45.41867;9.23786;1
45.41945;9.16549;1
45.41978;9.17326;1
45.42054;9.16644;1
45.42120;9.16693;1
45.42125;9.25372;1
45.42200;9.16752;1
45.42213;9.17757;1
45.42245;9.20239;1
45.42285;9.17773;1
45.42287;9.17404;1
45.42298;9.17729;1
45.42422;9.16819;1
45.42452;9.25299;1
45.42487;9.25259;1
45.42531;9.25194;1
45.42546;9.20349;1
45.42562;9.25178;1
45.42591;9.25167;1
45.42596;9.17352;1
45.42604;9.19064;1
45.42664;9.25049;1
45.42668;9.24547;1
45.42683;9.17357;1
45.42693;9.17014;1
45.42720;9.20324;1
45.42744;9.17059;1
45.42745;9.20444;1
45.42776;9.24931;1
45.42788;9.27091;1
45.42794;9.17313;1
45.42804;9.24882;1
45.42835;9.22801;1
45.42845;9.19583;1
45.42864;9.15072;1
45.42878;9.17131;1
45.42888;9.25731;1
45.42923;9.17987;1
45.42953;9.17181;1
45.42965;9.20761;1
45.42999;9.17311;1
45.43009;9.17332;1
45.43010;9.16673;1
45.43025;9.17629;1
45.43035;9.24514;1
45.43042;9.16277;1
45.43044;9.18135;1
45.43055;9.17901;1
45.43061;9.15806;1
45.43062;9.17754;1
45.43084;9.15719;1
45.43103;9.15712;1
45.43105;9.18036;1
45.43124;9.24328;1
45.43146;9.15560;1
45.43151;9.18016;1
45.43155;9.19249;1
45.43160;9.20163;1
45.43165;9.18634;1
45.43167;9.25194;1
45.43210;9.22408;1
45.43211;9.17752;1
45.43211;9.17322;1
45.43214;9.19164;1
45.43230;9.18241;1
45.43234;9.19356;1
45.43234;9.20233;1
45.43236;9.14716;1
45.43247;9.15874;1
45.43248;9.17406;1
45.43265;9.20156;1
45.43266;9.20499;1
45.43272;9.12498;1
45.43283;9.20105;1
45.43288;9.20164;1
45.43288;9.20157;1
45.43299;9.14923;1
45.43303;9.15755;1
45.43303;9.17774;1
45.43305;9.17408;1
45.43307;9.17868;1
45.43308;9.22398;1
45.43322;9.18319;1
45.43338;9.22033;1
45.43340;9.24117;1
45.43342;9.22184;1
45.43363;9.17310;1
45.43374;9.17406;1
45.43375;9.14493;1
45.43383;9.18361;1
45.43386;9.15429;1
45.43396;9.17785;1
45.43400;9.14797;1
45.43418;9.22092;1
45.4342;9.14468;1
45.43425;9.23597;1
45.43437;9.17210;1
45.43447;9.15453;1
45.43452;9.22450;1
45.43453;9.22403;1
45.43456;9.19069;1
45.43469;9.22460;1
45.43472;9.22736;1
45.43475;9.20473;1
45.43475;9.18493;1
45.43487;9.18367;1
45.43490;9.17645;1
45.43490;9.17259;1
45.43492;9.18073;1
45.43499;9.17421;1
45.43512;9.23526;1
45.43524;9.15455;1
45.43530;9.18833;1
45.43536;9.20118;1
45.43538;9.23429;1
45.43571;9.20442;1
45.43576;9.24416;1
45.43580;9.15458;1
45.43582;9.15781;1
45.43590;9.24796;1
45.43595;9.20222;1
45.43600;9.18754;1
45.43612;9.22407;1
45.43623;9.21793;1
45.43634;9.21591;1
45.43636;9.20081;1
45.43643;9.21570;1
45.43646;9.16519;1
45.43648;9.16918;1
45.43649;9.20492;1
45.43660;9.20469;1
45.43665;9.23173;1
45.43666;9.19146;1
45.43672;9.22264;1
45.43674;9.21309;1
45.43677;9.21313;1
45.43680;9.15496;1
45.43680;9.20949;1
45.43680;9.15428;1
45.43681;9.21792;1
45.43691;9.21958;1
45.43691;9.21276;1
45.43693;9.21186;1
45.43693;9.15466;1
45.43696;9.21722;1
45.43697;9.15930;1
45.43701;9.22406;1
45.43704;9.19400;1
45.43705;9.20042;1
45.43707;9.14838;1
45.43708;9.19647;1
45.43711;9.16327;1
45.43712;9.19350;1
45.43714;9.14996;1
45.43714;9.15061;1
45.43715;9.21398;1
45.43721;9.19669;1
45.43722;9.19595;1
45.43722;9.17918;1
45.43723;9.15513;1
45.43725;9.18254;1
45.43726;9.18138;1
45.43729;9.17958;1
45.43734;9.19814;1
45.43734;9.18558;1
45.43735;9.16450;1
45.43735;9.18080;1
45.4374;9.18780;1
45.43740;9.15845;1
45.43744;9.15657;1
45.43745;9.15511;1
45.43745;9.17437;1
45.43749;9.15509;1
45.43751;9.15511;1
45.43755;9.21975;1
45.43763;9.20034;1
45.43764;9.16300;1
45.43764;9.17308;1
45.43769;9.18931;1
45.4377;9.20013;1
45.43773;9.15435;1
45.43784;9.24056;1
45.43790;9.18203;1
45.43793;9.12276;1
45.43796;9.14079;1
45.43797;9.21934;1
45.43800;9.17950;1
45.43801;9.17518;1
45.43801;9.17508;1
45.43803;9.20126;1
45.43803;9.22423;1
45.43811;9.17849;1
45.43813;9.22011;1
45.43814;9.20011;1
45.43819;9.17665;1
45.43819;9.15345;1
45.43823;9.18359;1
45.43823;9.23016;1
45.43836;9.22465;1
45.43836;9.16246;1
45.43845;9.19992;1
45.43848;9.16463;1
45.43850;9.14119;1
45.43851;9.16828;1
45.43854;9.26508;1
45.43856;9.19658;1
45.43859;9.17828;1
45.43865;9.1842;1
45.43865;9.15532;1
45.43867;9.21852;1
45.43870;9.15518;1
45.43876;9.20771;1
45.43878;9.16048;1
45.43878;9.18368;1
45.43884;9.16258;1
45.43885;9.14915;1
45.43888;9.19597;1
45.43889;9.13742;1
45.43891;9.20008;1
45.43898;9.22169;1
45.43904;9.22572;1
45.43907;9.19542;1
45.43908;9.22953;1
45.43910;9.22459;1
45.43912;9.22389;1
45.43914;9.21829;1
45.43917;9.16251;1
45.43920;9.15349;1
45.43925;9.22254;1
45.43926;9.15491;1
45.43932;9.18183;1
45.43933;9.17938;1
45.43938;9.22559;1
45.43940;9.22645;1
45.43947;9.15258;1
45.43951;9.23383;1
45.43956;9.15177;1
45.43956;9.15079;1
45.43963;9.12696;1
45.43963;9.20377;1
45.43965;9.20324;1
45.43966;9.20033;1
45.43968;9.17488;1
45.43970;9.22521;1
45.43974;9.13001;1
45.43975;9.19976;1
45.43976;9.22172;1
45.43976;9.20494;1
45.43984;9.20649;1
45.43991;9.22152;1
45.43997;9.20025;1
45.43997;9.26413;1
45.44004;9.15356;1
45.44007;9.13709;1
45.44017;9.22333;1
45.44026;9.12772;1
45.44027;9.21099;1
45.44028;9.22312;1
45.44030;9.18514;1
45.44035;9.21407;1
45.44041;9.21032;1
45.44042;9.1278;1
45.44043;9.21466;1
45.44044;9.11753;1
45.44047;9.22234;1
45.44051;9.22531;1
45.4406;9.21561;1
45.44063;9.17864;1
45.44067;9.17554;1
45.44072;9.17260;1
45.44088;9.20041;1
45.44089;9.21242;1
45.44089;9.21449;1
45.44090;9.21373;1
45.44092;9.22452;1
45.44094;9.21264;1
45.44099;9.12983;1
45.44104;9.22377;1
45.44105;9.22166;1
45.44116;9.14075;1
45.44121;9.22964;1
45.44124;9.22113;1
45.44125;9.22459;1
45.44134;9.11934;1
45.44135;9.21268;1
45.44135;9.21384;1
45.44137;9.17527;1
45.44142;9.17891;1
45.44142;9.20334;1
45.44148;9.19973;1
45.44160;9.18481;1
45.44161;9.14580;1
45.44162;9.22032;1
45.44164;9.11996;1
45.44165;9.15367;1
45.44166;9.14989;1
45.44177;9.15408;1
45.44183;9.17610;1
45.44183;9.22139;1
45.44186;9.15312;1
45.44187;9.18774;1
45.44196;9.22426;1
45.44209;9.14471;1
45.44209;9.17871;1
45.44214;9.14635;1
45.44215;9.21767;1
45.44216;9.22543;1
45.44218;9.15541;1
45.44221;9.26432;1
45.44225;9.15489;1
45.44239;9.21518;1
45.44240;9.15483;1
45.44243;9.19320;1
45.44251;9.17616;1
45.44252;9.12322;1
45.44258;9.17565;1
45.44263;9.15485;1
45.44265;9.26433;1
45.44267;9.14840;1
45.44280;9.14765;1
45.44288;9.14873;1
45.44291;9.16656;1
45.44296;9.19754;1
45.44301;9.17874;1
45.44301;9.21752;1
45.44307;9.21768;1
45.44309;9.18789;1
45.44312;9.21463;1
45.44316;9.13850;1
45.44316;9.16580;1
45.44323;9.21698;1
45.44323;9.17550;1
45.44325;9.17643;1
45.44328;9.12128;1
45.44328;9.18011;1
45.44328;9.11565;1
45.44328;9.26402;1
45.44333;9.18100;1
45.44334;9.19787;1
45.44335;9.17770;1
45.44336;9.21232;1
45.44338;9.15915;1
45.44346;9.19038;1
45.44350;9.13770;1
45.44350;9.20058;1
45.44350;9.23191;1
45.44352;9.17501;1
45.44355;9.17482;1
45.44358;9.15897;1
45.44359;9.17445;1
45.44361;9.13915;1
45.44362;9.16982;1
45.44365;9.26305;1
45.44366;9.21714;1
45.44372;9.15759;1
45.44378;9.17875;1
45.44380;9.18205;1
45.44381;9.17110;1
45.44382;9.16959;1
45.44383;9.20126;1
45.44389;9.18271;1
45.44395;9.17506;1
45.44400;9.20209;1
45.44402;9.16593;1
45.44408;9.16542;1
45.44411;9.12868;1
45.44411;9.20281;1
45.44412;9.15660;1
45.44413;9.21548;1
45.44413;9.18359;1
45.44417;9.17577;1
45.44418;9.12843;1
45.44426;9.26258;1
45.44428;9.16205;1
45.44432;9.16691;1
45.44432;9.20565;1
45.44433;9.14067;1
45.44433;9.21231;1
45.44436;9.16724;1
45.44436;9.22531;1
45.44437;9.19572;1
45.44442;9.17669;1
45.44445;9.22651;1
45.44448;9.26225;1
45.44448;9.26314;1
45.44452;9.21466;1
45.44456;9.17287;1
45.44462;9.15900;1
45.44469;9.16924;1
45.44469;9.17932;1
45.44469;9.26228;1
45.44471;9.17905;1
45.44471;9.12946;1
45.44478;9.15503;1
45.44480;9.14309;1
45.44481;9.14252;1
45.44483;9.24156;1
45.44484;9.18322;1
45.44485;9.22756;1
45.44486;9.12856;1
45.44500;9.19455;1
45.44501;9.19752;1
45.44516;9.18647;1
45.44518;9.16804;1
45.44519;9.18200;1
45.44526;9.21216;1
45.44527;9.17772;1
45.44528;9.11384;1
45.44536;9.18703;1
45.44546;9.17583;1
45.44546;9.17502;1
45.44554;9.24337;1
45.44556;9.24483;1
45.44559;9.24140;1
45.44562;9.13125;1
45.44564;9.25292;1
45.44567;9.16379;1
45.44569;9.19848;1
45.44571;9.24370;1
45.44573;9.15821;1
45.44573;9.18687;1
45.44577;9.17820;1
45.44580;9.11617;1
45.44584;9.17907;1
45.44588;9.24858;1
45.44588;9.24421;1
45.44591;9.18777;1
45.44594;9.13441;1
45.44596;9.17878;1
45.44597;9.17284;1
45.44597;9.24873;1
45.44598;9.21988;1
45.44604;9.13383;1
45.44604;9.19290;1
45.44609;9.17946;1
45.44614;9.12841;1
45.44614;9.19543;1
45.44615;9.13495;1
45.44618;9.18716;1
45.44619;9.12553;1
45.44621;9.13439;1
45.44625;9.25161;1
45.44628;9.19106;1
45.44629;9.19729;1
45.44634;9.17908;1
45.44636;9.19290;1
45.44639;9.15046;1
45.44648;9.12561;1
45.44650;9.25441;1
45.44652;9.14555;1
45.44655;9.16353;1
45.44656;9.20434;1
45.44665;9.16385;1
45.44672;9.19899;1
45.44674;9.11346;1
45.44676;9.12711;1
45.44676;9.16121;1
45.44676;9.21155;1
45.44683;9.18522;1
45.44685;9.16540;1
45.44688;9.19821;1
45.44688;9.20107;1
45.44689;9.20517;1
45.44691;9.17948;1
45.44692;9.17962;1
45.44703;9.15962;1
45.44703;9.15609;1
45.44712;9.20423;1
45.44716;9.18838;1
45.44716;9.20911;1
45.44718;9.11475;1
45.44718;9.16690;1
45.44720;9.20909;1
45.44721;9.12070;1
45.44727;9.19806;1
45.44727;9.20969;1
45.44728;9.18719;1
45.44732;9.17712;1
45.44733;9.25449;1
45.44733;9.15883;1
45.44735;9.20311;1
45.44741;9.17513;1
45.44741;9.19755;1
45.44746;9.15503;1
45.44749;9.19999;1
45.44750;9.13738;1
45.44751;9.21057;1
45.44752;9.14031;1
45.44755;9.13439;1
45.44755;9.11998;1
45.44755;9.17970;1
45.44756;9.16766;1
45.44758;9.13960;1
45.44760;9.19738;1
45.44765;9.12965;1
45.44768;9.18101;1
45.44776;9.12956;1
45.44777;9.12959;1
45.44778;9.17936;1
45.44778;9.20011;1
45.44779;9.13744;1
45.44779;9.24156;1
45.44786;9.13061;1
45.44788;9.20967;1
45.44789;9.19773;1
45.44798;9.20494;1
45.44800;9.14496;1
45.44804;9.14159;1
45.44812;9.20926;1
45.44818;9.25704;1
45.44822;9.17972;1
45.44824;9.18720;1
45.44826;9.16051;1
45.44827;9.25723;1
45.44828;9.15500;1
45.44831;9.20845;1
45.44834;9.20892;1
45.44839;9.13193;1
45.44840;9.19063;1
45.44840;9.19478;1
45.44844;9.19557;1
45.44848;9.22107;1
45.44848;9.16917;1
45.44852;9.20357;1
45.44852;9.22368;1
45.44855;9.19590;1
45.44856;9.20245;1
45.44864;9.12533;1
45.44868;9.16977;1
45.44868;9.15492;1
45.44868;9.14743;1
45.44872;9.20006;1
45.44874;9.24523;1
45.44876;9.18663;1
45.44878;9.12877;1
45.44879;9.20252;1
45.44879;9.20283;1
45.44881;9.14244;1
45.44885;9.17625;1
45.44886;9.19057;1
45.44897;9.16223;1
45.44898;9.14023;1
45.44904;9.20926;1
45.44906;9.18622;1
45.44913;9.17538;1
45.44914;9.13797;1
45.44915;9.15616;1
45.44917;9.18231;1
45.44918;9.20443;1
45.44920;9.21377;1
45.44921;9.20630;1
45.44935;9.25272;1
45.44938;9.14057;1
45.44940;9.18575;1
45.44941;9.18620;1
45.44942;9.16494;1
45.44944;9.18811;1
45.44945;9.20581;1
45.44949;9.16503;1
45.44952;9.14466;1
45.44954;9.15593;1
45.44957;9.07269;1
45.44958;9.18588;1
45.44959;9.21890;1
45.44959;9.18453;1
45.44960;9.14954;1
45.44966;9.17187;1
45.44972;9.16685;1
45.44972;9.20958;1
45.44976;9.17251;1
45.44981;9.17996;1
45.44983;9.14634;1
45.44983;9.13681;1
45.44987;9.21256;1
45.44989;9.17253;1
45.44994;9.15054;1
45.44999;9.13015;1
45.45000;9.22095;1
45.45001;9.20686;1
45.45007;9.20235;1
45.45008;9.20611;1
45.45009;9.13049;1
45.45011;9.21436;1
45.45016;9.15156;1
45.45016;9.13600;1
45.45016;9.21480;1
45.45017;9.14646;1
45.45022;9.22100;1
45.45023;9.17781;1
45.45024;9.20260;1
45.45031;9.22042;1
45.45042;9.18008;1
45.45042;9.15515;1
45.45043;9.13171;1
45.45046;9.14762;1
45.45046;9.20438;1
45.45049;9.15223;1
45.45053;9.21232;1
45.45054;9.16979;1
45.45056;9.22416;1
45.45058;9.14861;1
45.45061;9.11893;1
45.45063;9.22691;1
45.45065;9.13994;1
45.45065;9.22368;1
45.45069;9.06814;1
45.45071;9.13913;1
45.45071;9.17053;1
45.45075;9.16849;1
45.45076;9.20677;1
45.45077;9.20048;1
45.45077;9.20230;1
45.45078;9.20267;1
45.45079;9.20093;1
45.45081;9.18539;1
45.45083;9.17958;1
45.45084;9.12590;1
45.45085;9.20138;1
45.45086;9.19541;1
45.45092;9.19913;1
45.45093;9.20391;1
45.45094;9.25116;1
45.45099;9.14826;1
45.45100;9.21804;1
45.45104;9.20482;1
45.45115;9.21073;1
45.45116;9.17989;1
45.45117;9.16072;1
45.45119;9.15972;1
45.45119;9.20249;1
45.45120;9.20319;1
45.45122;9.18627;1
45.45129;9.18845;1
45.45129;9.24979;1
45.45130;9.14019;1
45.45130;9.12582;1
45.45132;9.21435;1
45.45133;9.20791;1
45.45140;9.15497;1
45.45140;9.22308;1
45.45142;9.18886;1
45.45146;9.24188;1
45.45152;9.19019;1
45.45157;9.19287;1
45.45157;9.17500;1
45.45159;9.08263;1
45.45160;9.18937;1
45.45161;9.15437;1
45.45162;9.20798;1
45.45163;9.21612;1
45.45164;9.20009;1
45.45169;9.20362;1
45.45169;9.14167;1
45.45170;9.11724;1
45.45171;9.15761;1
45.45172;9.19420;1
45.45173;9.22689;1
45.45174;9.16965;1
45.45174;9.18748;1
45.45175;9.20503;1
45.45175;9.20175;1
45.45179;9.18850;1
45.45181;9.18590;1
45.45181;9.18665;1
45.45182;9.17954;1
45.45185;9.15276;1
45.45185;9.18213;1
45.45188;9.13533;1
45.45191;9.20267;1
45.45196;9.20550;1
45.45197;9.20121;1
45.45197;9.15349;1
45.45198;9.24162;1
45.45199;9.19379;1
45.45199;9.18732;1
45.45200;9.15207;1
45.45201;9.25869;1
45.45201;9.24893;1
45.45202;9.19199;1
45.45203;9.18955;1
45.45208;9.20037;1
45.45208;9.20313;1
45.45212;9.18860;1
45.45216;9.19479;1
45.45217;9.22820;1
45.45217;9.20292;1
45.45218;9.18586;1
45.45219;9.19616;1
45.45219;9.15780;1
45.45219;9.19232;1
45.45220;9.12181;1
45.45220;9.18363;1
45.45221;9.18192;1
45.45222;9.19358;1
45.45224;9.21512;1
45.45224;9.18121;1
45.45225;9.19513;1
45.45225;9.14298;1
45.45229;9.17751;1
45.45231;9.21982;1
45.45234;9.09341;1
45.45234;9.14105;1
45.45237;9.20922;1
45.45239;9.17899;1
45.4524;9.22904;1
45.45241;9.22160;1
45.45243;9.14591;1
45.45254;9.20136;1
45.45257;9.17363;1
45.45258;9.20833;1
45.45258;9.18642;1
45.45260;9.24243;1
45.45261;9.17621;1
45.45262;9.18554;1
45.45262;9.15520;1
45.45265;9.18344;1
45.45268;9.17594;1
45.45273;9.16972;1
45.45276;9.20158;1
45.45285;9.12312;1
45.45286;9.19633;1
45.45286;9.13928;1
45.45287;9.18308;1
45.45288;9.12972;1
45.45296;9.18086;1
45.45297;9.13360;1
45.45299;9.17450;1
45.45299;9.25380;1
45.45300;9.20047;1
45.45301;9.12671;1
45.45306;9.18029;1
45.45309;9.20654;1
45.45310;9.20930;1
45.45312;9.20250;1
45.45313;9.17762;1
45.45315;9.24152;1
45.45315;9.17917;1
45.45315;9.17963;1
45.45316;9.17278;1
45.45317;9.12442;1
45.45318;9.15572;1
45.45320;9.17937;1
45.45322;9.19862;1
45.45326;9.14954;1
45.45326;9.22433;1
45.45326;9.21245;1
45.45327;9.20083;1
45.45327;9.21462;1
45.45328;9.10264;1
45.45329;9.16959;1
45.45332;9.17049;1
45.45335;9.17522;1
45.45335;9.20660;1
45.45336;9.08664;1
45.45343;9.20255;1
45.45349;9.20363;1
45.45350;9.19972;1
45.45355;9.20232;1
45.45355;9.14742;1
45.45360;9.15721;1
45.45360;9.24460;1
45.45362;9.22687;1
45.45365;9.16370;1
45.45367;9.15748;1
45.45367;9.21554;1
45.45373;9.19967;1
45.45376;9.14171;1
45.45377;9.19610;1
45.45378;9.11567;1
45.45382;9.19599;1
45.45382;9.15484;1
45.45383;9.17091;1
45.45384;9.13302;1
45.45385;9.21099;1
45.45387;9.22118;1
45.45389;9.21969;1
45.45389;9.14957;1
45.45392;9.14009;1
45.45392;9.16885;1
45.45394;9.21530;1
45.45395;9.15892;1
45.45397;9.20712;1
45.45397;9.21589;1
45.45398;9.24166;1
45.45406;9.15965;1
45.45406;9.19930;1
45.45406;9.15312;1
45.45421;9.20676;1
45.45424;9.14115;1
45.45426;9.14130;1
45.45428;9.17765;1
45.45429;9.13439;1
45.45429;9.12883;1
45.45431;9.17350;1
45.45436;9.25148;1
45.45439;9.19557;1
45.45440;9.21850;1
45.45441;9.19585;1
45.45446;9.16179;1
45.45447;9.19832;1
45.45447;9.18695;1
45.45448;9.16356;1
45.45451;9.10507;1
45.45453;9.20360;1
45.45453;9.17305;1
45.45454;9.18999;1
45.45455;9.18040;1
45.45463;9.21356;1
45.45465;9.13593;1
45.45465;9.19812;1
45.45468;9.12213;1
45.45470;9.20269;1
45.45471;9.18390;1
45.45475;9.18688;1
45.45478;9.21623;1
45.45479;9.22369;1
45.45479;9.16085;1
45.45480;9.18725;1
45.45481;9.18419;1
45.45489;9.12402;1
45.45491;9.21756;1
45.45491;9.15508;1
45.45492;9.17242;1
45.45493;9.15455;1
45.45493;9.17837;1
45.45493;9.20300;1
45.45493;9.16119;1
45.45495;9.10811;1
45.45498;9.21738;1
45.455;9.15456;1
45.45503;9.16674;1
45.45506;9.08736;1
45.45508;9.12198;1
45.45508;9.20344;1
45.45509;9.23206;1
45.45509;9.20397;1
45.45512;9.15234;1
45.45516;9.12316;1
45.45517;9.15294;1
45.45519;9.12559;1
45.45520;9.16245;1
45.45521;9.14322;1
45.45529;9.18735;1
45.45529;9.19068;1
45.45544;9.18416;1
45.45552;9.20319;1
45.45552;9.20411;1
45.45554;9.20470;1
45.45556;9.07809;1
45.45558;9.16319;1
45.45560;9.14893;1
45.45561;9.11092;1
45.45563;9.24533;1
45.45567;9.17448;1
45.45576;9.19549;1
45.45577;9.16884;1
45.45579;9.21048;1
45.45581;9.24446;1
45.45583;9.16546;1
45.45585;9.17933;1
45.45586;9.16932;1
45.45587;9.16593;1
45.45589;9.18494;1
45.45589;9.21703;1
45.45598;9.17129;1
45.45600;9.21017;1
45.45601;9.20664;1
45.45602;9.11629;1
45.45606;9.19595;1
45.45606;9.18827;1
45.45607;9.22364;1
45.45608;9.21572;1
45.45612;9.18847;1
45.45614;9.10767;1
45.45616;9.15192;1
45.45617;9.13178;1
45.45617;9.18438;1
45.45618;9.22683;1
45.45618;9.16476;1
45.45618;9.18073;1
45.45630;9.22940;1
45.45630;9.13605;1
45.45632;9.16658;1
45.45632;9.14939;1
45.45635;9.17404;1
45.45635;9.17057;1
45.45637;9.16709;1
45.45642;9.19811;1
45.45644;9.11779;1
45.45647;9.18489;1
45.45648;9.17445;1
45.45649;9.17048;1
45.45650;9.17479;1
45.45651;9.17168;1
45.45652;9.20377;1
45.45655;9.16138;1
45.45656;9.16885;1
45.45659;9.16210;1
45.45660;9.17484;1
45.45661;9.11700;1
45.45661;9.13955;1
45.45663;9.20497;1
45.45670;9.21724;1
45.45672;9.14248;1
45.45673;9.17721;1
45.45675;9.17249;1
45.45675;9.14001;1
45.45676;9.18313;1
45.45681;9.22348;1
45.45683;9.23915;1
45.45684;9.18927;1
45.45684;9.20784;1
45.45684;9.19023;1
45.45684;9.15874;1
45.45685;9.16549;1
45.45688;9.17770;1
45.45689;9.21721;1
45.45692;9.24154;1
45.45695;9.09382;1
45.45696;9.22186;1
45.45702;9.19386;1
45.45703;9.21534;1
45.45704;9.17556;1
45.45709;9.15472;1
45.45716;9.18944;1
45.45716;9.11349;1
45.45719;9.19364;1
45.45720;9.17043;1
45.45721;9.14754;1
45.45722;9.15868;1
45.45722;9.17582;1
45.45722;9.17552;1
45.45725;9.11348;1
45.45726;9.21750;1
45.45728;9.15692;1
45.45732;9.20355;1
45.45737;9.15523;1
45.45738;9.24048;1
45.45739;9.15977;1
45.4574;9.20989;1
45.45740;9.12007;1
45.45741;9.12100;1
45.45741;9.07899;1
45.45745;9.10655;1
45.45746;9.19169;1
45.45748;9.14795;1
45.45750;9.19005;1
45.45752;9.21250;1
45.45754;9.22186;1
45.45755;9.16056;1
45.45760;9.09709;1
45.45760;9.08989;1
45.45762;9.17098;1
45.45764;9.22435;1
45.45765;9.21926;1
45.45767;9.17942;1
45.45768;9.21864;1
45.45770;9.20446;1
45.45770;9.16979;1
45.45772;9.2047;1
45.45773;9.16516;1
45.45775;9.15876;1
45.45775;9.17654;1
45.45782;9.24041;1
45.45783;9.10284;1
45.45783;9.12194;1
45.45786;9.17794;1
45.45788;9.16485;1
45.45790;9.16124;1
45.45790;9.18043;1
45.45790;9.09654;1
45.45790;9.21325;1
45.45794;9.20362;1
45.45795;9.21047;1
45.45796;9.22433;1
45.45797;9.17843;1
45.45801;9.21023;1
45.45801;9.13854;1
45.45804;9.20104;1
45.45808;9.17429;1
45.45808;9.21182;1
45.45808;9.16482;1
45.45811;9.16124;1
45.45813;9.17687;1
45.45815;9.08987;1
45.45817;9.17231;1
45.45819;9.15468;1
45.45820;9.07030;1
45.45822;9.13498;1
45.45824;9.18102;1
45.45825;9.09834;1
45.45827;9.17818;1
45.45829;9.21099;1
45.45831;9.19193;1
45.45833;9.18591;1
45.45836;9.11609;1
45.45838;9.21341;1
45.45838;9.21296;1
45.45841;9.14846;1
45.45848;9.22426;1
45.45849;9.19274;1
45.45849;9.21123;1
45.45850;9.16880;1
45.45850;9.19187;1
45.45853;9.22243;1
45.45856;9.24357;1
45.45858;9.16038;1
45.45860;9.18716;1
45.45862;9.17810;1
45.45864;9.16737;1
45.45865;9.19192;1
45.45865;9.21063;1
45.45870;9.13743;1
45.45876;9.12187;1
45.45879;9.14646;1
45.45879;9.18094;1
45.45881;9.13212;1
45.45881;9.08901;1
45.45882;9.09238;1
45.45884;9.12974;1
45.45885;9.17308;1
45.45892;9.17753;1
45.45894;9.24416;1
45.45894;9.15483;1
45.45895;9.15646;1
45.45896;9.09672;1
45.45898;9.23991;1
45.45899;9.17082;1
45.45900;9.21334;1
45.45901;9.20506;1
45.45901;9.06822;1
45.45902;9.24001;1
45.45905;9.17822;1
45.45907;9.18385;1
45.45907;9.16870;1
45.45910;9.14523;1
45.45911;9.08991;1
45.45913;9.18802;1
45.45914;9.12836;1
45.45914;9.13341;1
45.45916;9.12897;1
45.45916;9.14381;1
45.45917;9.09361;1
45.45925;9.20839;1
45.45926;9.15976;1
45.45927;9.16755;1
45.45931;9.15449;1
45.45934;9.16423;1
45.45936;9.19023;1
45.45939;9.17383;1
45.45939;9.17049;1
45.45940;9.17923;1
45.45941;9.24793;1
45.45941;9.17626;1
45.45942;9.10895;1
45.45942;9.09856;1
45.45946;9.16585;1
45.45948;9.10398;1
45.45949;9.20185;1
45.45954;9.17775;1
45.45954;9.17090;1
45.45955;9.09456;1
45.45958;9.19532;1
45.45958;9.17595;1
45.45960;9.13770;1
45.45960;9.12141;1
45.45964;9.13126;1
45.45966;9.17975;1
45.45966;9.12584;1
45.45967;9.16285;1
45.45970;9.17639;1
45.45971;9.18964;1
45.45972;9.17145;1
45.45972;9.15581;1
45.45974;9.19869;1
45.45978;9.18977;1
45.45981;9.15399;1
45.45983;9.09757;1
45.45984;9.17987;1
45.45989;9.23893;1
45.45990;9.17572;1
45.45990;9.15321;1
45.45990;9.13012;1
45.45991;9.12971;1
45.45994;9.15185;1
45.45995;9.09755;1
45.45996;9.13149;1
45.45997;9.10150;1
45.45999;9.10517;1
45.45999;9.20272;1
45.45999;9.14349;1
45.46000;9.14782;1
45.46003;9.18038;1
45.46012;9.13772;1
45.46012;9.10820;1
45.46013;9.23702;1
45.46016;9.12071;1
45.46016;9.11673;1
45.46017;9.17739;1
45.46018;9.09835;1
45.46019;9.18821;1
45.46019;9.16030;1
45.46020;9.15916;1
45.46025;9.22539;1
45.46025;9.21943;1
45.46026;9.10730;1
45.46026;9.11198;1
45.46027;9.21143;1
45.46027;9.11133;1
45.46028;9.16060;1
45.46034;9.21773;1
45.46034;9.17514;1
45.46036;9.10175;1
45.46037;9.09746;1
45.46039;9.15631;1
45.46041;9.14498;1
45.46041;9.08770;1
45.46042;9.15983;1
45.46042;9.14531;1
45.46044;9.23386;1
45.46045;9.11132;1
45.46046;9.14929;1
45.46047;9.16405;1
45.46048;9.18992;1
45.46049;9.14537;1
45.4605;9.17492;1
45.46051;9.17810;1
45.46052;9.16525;1
45.46053;9.07974;1
45.46054;9.13421;1
45.46055;9.14392;1
45.46057;9.10289;1
45.46058;9.16316;1
45.46058;9.19647;1
45.46061;9.23080;1
45.46062;9.22108;1
45.46067;9.21869;1
45.46069;9.22500;1
45.46071;9.22784;1
45.46071;9.11214;1
45.46071;9.24292;1
45.46072;9.09345;1
45.46073;9.13266;1
45.46073;9.21770;1
45.46074;9.21974;1
45.46075;9.14305;1
45.46076;9.23256;1
45.46077;9.17435;1
45.46078;9.20785;1
45.46080;9.19646;1
45.46080;9.16313;1
45.46081;9.15571;1
45.46082;9.18263;1
45.46082;9.18444;1
45.46084;9.19098;1
45.46084;9.24260;1
45.46085;9.13529;1
45.46087;9.21211;1
45.46089;9.18113;1
45.46090;9.23801;1
45.46091;9.12506;1
45.46092;9.09182;1
45.46094;9.11694;1
45.46094;9.13329;1
45.46096;9.11788;1
45.46104;9.18402;1
45.46105;9.08720;1
45.46105;9.13024;1
45.46106;9.17281;1
45.46109;9.19143;1
45.46109;9.21775;1
45.46110;9.14904;1
45.46111;9.22999;1
45.46113;9.14075;1
45.46114;9.19701;1
45.46115;9.18492;1
45.46117;9.15012;1
45.46128;9.09387;1
45.46130;9.18881;1
45.46133;9.15523;1
45.46133;9.15409;1
45.46134;9.14937;1
45.46134;9.08307;1
45.46136;9.08313;1
45.46140;9.18141;1
45.46141;9.15644;1
45.46141;9.27755;1
45.46147;9.12034;1
45.46147;9.20653;1
45.46147;9.13884;1
45.46153;9.13814;1
45.46156;9.17313;1
45.46160;9.22428;1
45.46161;9.20317;1
45.46163;9.15497;1
45.46166;9.18947;1
45.46168;9.19068;1
45.46170;9.08445;1
45.46172;9.08707;1
45.46174;9.16209;1
45.46182;9.17262;1
45.46184;9.24356;1
45.46184;9.24383;1
45.46186;9.23368;1
45.4619;9.20225;1
45.46194;9.16136;1
45.46194;9.15911;1
45.46194;9.22720;1
45.46197;9.24245;1
45.46198;9.12867;1
45.46198;9.19052;1
45.46201;9.22678;1
45.46202;9.22832;1
45.46202;9.18430;1
45.46205;9.21073;1
45.46205;9.21056;1
45.46207;9.15138;1
45.46207;9.19194;1
45.46207;9.22619;1
45.46209;9.19326;1
45.46210;9.23103;1
45.46214;9.09201;1
45.46218;9.21348;1
45.46219;9.19928;1
45.46220;9.20957;1
45.46220;9.19118;1
45.46222;9.23321;1
45.46225;9.23824;1
45.46226;9.21846;1
45.46226;9.18663;1
45.46227;9.23591;1
45.46228;9.19301;1
45.46230;9.21036;1
45.46230;9.20976;1
45.46230;9.21137;1
45.46230;9.15101;1
45.46231;9.23389;1
45.46231;9.27940;1
45.46233;9.22447;1
45.46233;9.20173;1
45.46234;9.22351;1
45.46236;9.12487;1
45.46236;9.20264;1
45.46236;9.21927;1
45.46237;9.09325;1
45.46238;9.21089;1
45.46238;9.18969;1
45.46239;9.20539;1
45.46240;9.15943;1
45.46240;9.20093;1
45.46243;9.12521;1
45.46243;9.20562;1
45.46244;9.20820;1
45.46245;9.21019;1
45.46246;9.19843;1
45.46247;9.19344;1
45.46248;9.20063;1
45.46249;9.20782;1
45.46250;9.23178;1
45.46251;9.13702;1
45.46252;9.20530;1
45.46253;9.17245;1
45.46254;9.22977;1
45.46255;9.19383;1
45.46256;9.20430;1
45.46256;9.22432;1
45.46259;9.20100;1
45.46261;9.22804;1
45.46264;9.22658;1
45.46265;9.21488;1
45.46266;9.20653;1
45.46266;9.23853;1
45.46266;9.21136;1
45.46267;9.19234;1
45.46267;9.16699;1
45.46272;9.20766;1
45.46273;9.13670;1
45.46274;9.18865;1
45.46275;9.21336;1
45.46278;9.22347;1
45.46279;9.18904;1
45.46282;9.17370;1
45.46284;9.23049;1
45.46285;9.13869;1
45.46287;9.16184;1
45.46289;9.18830;1
45.46290;9.19528;1
45.46292;9.12699;1
45.46293;9.23238;1
45.46296;9.19592;1
45.46298;9.09077;1
45.46299;9.19709;1
45.46299;9.18708;1
45.46299;9.17118;1
45.46301;9.22758;1
45.46302;9.13025;1
45.46304;9.13209;1
45.46304;9.12792;1
45.46304;9.13287;1
45.46305;9.17195;1
45.46306;9.15505;1
45.46309;9.20679;1
45.46309;9.23004;1
45.46310;9.19937;1
45.46310;9.20645;1
45.46312;9.19991;1
45.46314;9.13191;1
45.46314;9.23280;1
45.46315;9.22807;1
45.46315;9.15897;1
45.46317;9.13260;1
45.46318;9.12789;1
45.46319;9.15218;1
45.46322;9.21443;1
45.46323;9.21148;1
45.46328;9.21116;1
45.46328;9.13989;1
45.46330;9.20666;1
45.46331;9.16170;1
45.46333;9.13799;1
45.46340;9.19922;1
45.46340;9.20234;1
45.46343;9.19723;1
45.46346;9.08173;1
45.46349;9.13999;1
45.46350;9.22151;1
45.46353;9.19742;1
45.46355;9.25094;1
45.46356;9.18383;1
45.46357;9.15214;1
45.46360;9.15278;1
45.46360;9.19194;1
45.46363;9.21335;1
45.46363;9.19602;1
45.46366;9.18548;1
45.46368;9.23516;1
45.46368;9.20602;1
45.46371;9.22752;1
45.46372;9.09238;1
45.46380;9.08681;1
45.46381;9.21032;1
45.46388;9.22777;1
45.46396;9.15711;1
45.46398;9.21135;1
45.46399;9.16510;1
45.46399;9.21202;1
45.46399;9.21669;1
45.46400;9.09231;1
45.46404;9.21468;1
45.46405;9.18459;1
45.46405;9.10910;1
45.46409;9.21984;1
45.46411;9.22152;1
45.46413;9.24109;1
45.46416;9.14773;1
45.46419;9.11230;1
45.46420;9.18279;1
45.46421;9.15907;1
45.46421;9.18184;1
45.46422;9.23250;1
45.46431;9.15501;1
45.46432;9.13513;1
45.46438;9.24082;1
45.46441;9.21120;1
45.46443;9.19778;1
45.46444;9.20598;1
45.46447;9.14065;1
45.46447;9.13834;1
45.46451;9.16609;1
45.46452;9.13648;1
45.46453;9.14265;1
45.46454;9.18704;1
45.46457;9.09179;1
45.46462;9.20923;1
45.46463;9.13711;1
45.46467;9.18224;1
45.46469;9.16314;1
45.46469;9.22419;1
45.46472;9.14254;1
45.46473;9.16515;1
45.46474;9.20913;1
45.46476;9.23038;1
45.46477;9.09180;1
45.46477;9.16561;1
45.46485;9.20692;1
45.46486;9.13635;1
45.46487;9.14984;1
45.46487;9.19448;1
45.46489;9.09157;1
45.46490;9.20591;1
45.46493;9.14713;1
45.46496;9.16470;1
45.46499;9.19401;1
45.46500;9.13380;1
45.46502;9.20029;1
45.46502;9.16581;1
45.46504;9.21447;1
45.46512;9.13900;1
45.46513;9.15665;1
45.46513;9.08454;1
45.46515;9.13521;1
45.46517;9.18551;1
45.46517;9.23238;1
45.46520;9.19757;1
45.46520;9.12884;1
45.46520;9.12921;1
45.46521;9.20636;1
45.46521;9.15600;1
45.46521;9.14882;1
45.46521;9.16594;1
45.46522;9.16025;1
45.46525;9.14345;1
45.46525;9.16830;1
45.46529;9.16537;1
45.46532;9.13750;1
45.46532;9.16460;1
45.46533;9.20558;1
45.46533;9.20739;1
45.46533;9.21208;1
45.46534;9.14505;1
45.46535;9.13327;1
45.46537;9.12731;1
45.46537;9.23276;1
45.46539;9.17109;1
45.46541;9.18596;1
45.46542;9.21105;1
45.46545;9.15485;1
45.46545;9.17547;1
45.46546;9.14425;1
45.46549;9.18839;1
45.46550;9.21288;1
45.46550;9.21341;1
45.46550;9.22720;1
45.46552;9.08579;1
45.46552;9.21979;1
45.46555;9.13669;1
45.46556;9.12799;1
45.46557;9.17894;1
45.46558;9.16976;1
45.46558;9.19763;1
45.46558;9.23020;1
45.46558;9.21116;1
45.46559;9.23513;1
45.46559;9.19818;1
45.46560;9.23166;1
45.46561;9.18679;1
45.46561;9.15580;1
45.46563;9.18055;1
45.46563;9.17870;1
45.46564;9.18538;1
45.46565;9.21494;1
45.46568;9.22731;1
45.46572;9.17018;1
45.46573;9.20010;1
45.46574;9.18232;1
45.46576;9.20142;1
45.46577;9.15928;1
45.46577;9.21043;1
45.46577;9.15965;1
45.46578;9.12787;1
45.46578;9.23041;1
45.4658;9.14541;1
45.46580;9.13749;1
45.46580;9.18831;1
45.46583;9.17371;1
45.46583;9.15476;1
45.46585;9.16624;1
45.46586;9.17907;1
45.46587;9.20659;1
45.46588;9.16568;1
45.46590;9.19691;1
45.46592;9.14617;1
45.46594;9.17759;1
45.46595;9.23041;1
45.46595;9.26286;1
45.46596;9.18486;1
45.46598;9.15935;1
45.46599;9.22665;1
45.46599;9.20210;1
45.46599;9.13789;1
45.46602;9.15869;1
45.46604;9.16394;1
45.46604;9.16447;1
45.46604;9.15084;1
45.46607;9.14562;1
45.46608;9.14777;1
45.46609;9.16332;1
45.46609;9.09120;1
45.46613;9.22168;1
45.46617;9.18527;1
45.46618;9.18862;1
45.46619;9.08556;1
45.46622;9.18699;1
45.46625;9.15614;1
45.46629;9.14857;1
45.46629;9.16232;1
45.46630;9.15410;1
45.46630;9.16304;1
45.46633;9.14925;1
45.46634;9.24127;1
45.46635;9.20369;1
45.46636;9.15097;1
45.46637;9.19774;1
45.46639;9.16000;1
45.46640;9.14771;1
45.46644;9.19747;1
45.46645;9.17635;1
45.46647;9.13653;1
45.46650;9.19243;1
45.46652;9.19524;1
45.46652;9.19363;1
45.46656;9.16168;1
45.46658;9.19721;1
45.46658;9.15720;1
45.46660;9.20652;1
45.46661;9.14838;1
45.46661;9.21473;1
45.46663;9.21600;1
45.46664;9.12890;1
45.46666;9.15995;1
45.46667;9.15015;1
45.46667;9.22862;1
45.46668;9.20563;1
45.46669;9.14487;1
45.46670;9.15654;1
45.46671;9.22147;1
45.46671;9.19706;1
45.46676;9.08505;1
45.46676;9.15871;1
45.46677;9.14794;1
45.46678;9.19907;1
45.46679;9.14363;1
45.46679;9.20032;1
45.46681;9.20566;1
45.46687;9.19725;1
45.46688;9.15532;1
45.46690;9.20069;1
45.46691;9.15605;1
45.46692;9.19520;1
45.46692;9.15279;1
45.46693;9.21493;1
45.46694;9.14535;1
45.46695;9.14730;1
45.46695;9.15435;1
45.46696;9.18935;1
45.46696;9.18387;1
45.46699;9.12915;1
45.46699;9.13742;1
45.46700;9.15913;1
45.46701;9.19580;1
45.46702;9.20166;1
45.46702;9.21148;1
45.46703;9.23481;1
45.46704;9.14433;1
45.46707;9.17404;1
45.46709;9.19187;1
45.46711;9.19073;1
45.46713;9.20578;1
45.46715;9.15359;1
45.46717;9.14474;1
45.46723;9.17631;1
45.46725;9.14611;1
45.46731;9.18561;1
45.46732;9.16887;1
45.46732;9.18370;1
45.46736;9.21125;1
45.46736;9.22530;1
45.46740;9.22441;1
45.46740;9.16707;1
45.46740;9.15836;1
45.46741;9.22978;1
45.46743;9.14072;1
45.46743;9.14277;1
45.46745;9.23028;1
45.46745;9.16468;1
45.46745;9.19001;1
45.46747;9.14621;1
45.46753;9.17082;1
45.46753;9.15207;1
45.46756;9.17312;1
45.46758;9.11008;1
45.46758;9.16530;1
45.46760;9.13171;1
45.46761;9.20539;1
45.46762;9.22761;1
45.46762;9.15262;1
45.46763;9.17646;1
45.46763;9.08541;1
45.46763;9.13615;1
45.46764;9.20595;1
45.46765;9.13534;1
45.46766;9.22279;1
45.46767;9.20962;1
45.46768;9.21712;1
45.46768;9.13566;1
45.46770;9.17290;1
45.46771;9.23161;1
45.46772;9.20990;1
45.46776;9.19795;1
45.46777;9.13396;1
45.46777;9.20574;1
45.46779;9.13486;1
45.46779;9.17216;1
45.46780;9.20515;1
45.46785;9.11190;1
45.46785;9.17917;1
45.46786;9.23510;1
45.46786;9.15698;1
45.46790;9.20512;1
45.46791;9.17864;1
45.46796;9.17875;1
45.46797;9.15208;1
45.46797;9.19877;1
45.46798;9.19519;1
45.46798;9.18121;1
45.46799;9.15499;1
45.46800;9.19519;1
45.46801;9.13101;1
45.46801;9.18064;1
45.46805;9.16070;1
45.46805;9.15019;1
45.46808;9.19935;1
45.46808;9.16096;1
45.46809;9.13205;1
45.46810;9.21744;1
45.46810;9.16277;1
45.46811;9.16403;1
45.46812;9.11084;1
45.46819;9.19977;1
45.46821;9.18564;1
45.46823;9.21473;1
45.46824;9.15616;1
45.46825;9.14806;1
45.46832;9.19906;1
45.46833;9.19514;1
45.46835;9.12776;1
45.46835;9.21578;1
45.46838;9.21392;1
45.46845;9.23247;1
45.46846;9.17071;1
45.46847;9.17721;1
45.46850;9.08422;1
45.46850;9.21126;1
45.46860;9.13931;1
45.46861;9.18437;1
45.46870;9.20593;1
45.46871;9.12829;1
45.46872;9.21501;1
45.46875;9.15746;1
45.46875;9.20542;1
45.46877;9.12771;1
45.46877;9.21136;1
45.46882;9.17669;1
45.46889;9.16176;1
45.46896;9.10982;1
45.46896;9.16108;1
45.46897;9.11682;1
45.46898;9.19182;1
45.46899;9.15531;1
45.46899;9.18324;1
45.46899;9.22302;1
45.46903;9.18391;1
45.46903;9.23417;1
45.46904;9.15683;1
45.46909;9.20214;1
45.46910;9.16989;1
45.46910;9.22426;1
45.46910;9.16880;1
45.46912;9.21067;1
45.46915;9.22091;1
45.46917;9.20594;1
45.46922;9.23563;1
45.46923;9.17648;1
45.46923;9.18542;1
45.46928;9.12720;1
45.46929;9.22993;1
45.46931;9.12642;1
45.46933;9.20397;1
45.46933;9.12641;1
45.46933;9.19023;1
45.46937;9.22256;1
45.46940;9.22412;1
45.46941;9.21135;1
45.46945;9.13682;1
45.46949;9.20017;1
45.46952;9.13914;1
45.46956;9.19962;1
45.46961;9.16588;1
45.46968;9.18494;1
45.46971;9.12832;1
45.46972;9.14435;1
45.46977;9.23665;1
45.46980;9.19821;1
45.46980;9.22125;1
45.46986;9.22670;1
45.46994;9.20052;1
45.46996;9.20178;1
45.46996;9.20037;1
45.46998;9.23493;1
45.46998;9.20349;1
45.46999;9.16364;1
45.47000;9.19108;1
45.47004;9.19299;1
45.47006;9.13571;1
45.47009;9.20205;1
45.47009;9.23487;1
45.47010;9.16166;1
45.47012;9.24440;1
45.47018;9.18334;1
45.47020;9.16747;1
45.47023;9.16486;1
45.47023;9.23034;1
45.47029;9.19759;1
45.47031;9.13110;1
45.47034;9.16510;1
45.47036;9.18298;1
45.47037;9.15567;1
45.47038;9.19219;1
45.47038;9.12298;1
45.47045;9.20532;1
45.47047;9.14398;1
45.47049;9.21328;1
45.47053;9.19257;1
45.47054;9.18416;1
45.47056;9.19306;1
45.47056;9.20070;1
45.47057;9.20518;1
45.47059;9.15525;1
45.47062;9.19283;1
45.47063;9.20711;1
45.47068;9.16429;1
45.47068;9.23489;1
45.47070;9.19722;1
45.47073;9.25515;1
45.47076;9.15443;1
45.47076;9.19349;1
45.47076;9.21998;1
45.47077;9.22066;1
45.47078;9.11672;1
45.47080;9.21591;1
45.47082;9.23175;1
45.47082;9.13030;1
45.47083;9.23326;1
45.47084;9.14498;1
45.47085;9.16958;1
45.47087;9.22252;1
45.47089;9.24029;1
45.47089;9.20946;1
45.47089;9.19983;1
45.47094;9.22741;1
45.47094;9.16238;1
45.47095;9.23767;1
45.47096;9.24285;1
45.47096;9.21046;1
45.47098;9.24019;1
45.47098;9.21904;1
45.47099;9.25282;1
45.47101;9.20161;1
45.47101;9.20795;1
45.47102;9.14546;1
45.47105;9.21453;1
45.47105;9.25603;1
45.47105;9.25253;1
45.47107;9.16936;1
45.47108;9.13396;1
45.47109;9.22992;1
45.47109;9.13615;1
45.47109;9.23466;1
45.47111;9.24486;1
45.47113;9.19927;1
45.47115;9.25069;1
45.47118;9.24911;1
45.47118;9.19263;1
45.47119;9.20523;1
45.47119;9.11167;1
45.47125;9.20573;1
45.47126;9.15368;1
45.47127;9.18370;1
45.47127;9.19662;1
45.47127;9.20145;1
45.47127;9.14087;1
45.47128;9.21098;1
45.47130;9.14404;1
45.47130;9.19618;1
45.47130;9.26049;1
45.47136;9.11163;1
45.47139;9.13706;1
45.47144;9.22250;1
45.47152;9.15579;1
45.47152;9.24169;1
45.47157;9.14709;1
45.47158;9.14440;1
45.47159;9.24187;1
45.47161;9.16852;1
45.47161;9.15520;1
45.47163;9.16274;1
45.47164;9.15957;1
45.47164;9.13709;1
45.47165;9.20287;1
45.47167;9.16338;1
45.47169;9.12929;1
45.47169;9.17284;1
45.47173;9.24546;1
45.47173;9.13403;1
45.47180;9.18221;1
45.47185;9.11686;1
45.47186;9.23672;1
45.47188;9.14179;1
45.47191;9.20523;1
45.47191;9.19576;1
45.47196;9.21189;1
45.47201;9.14413;1
45.47203;9.24822;1
45.47204;9.14979;1
45.47207;9.16617;1
45.47208;9.20822;1
45.47209;9.20748;1
45.47210;9.18390;1
45.47214;9.13819;1
45.47215;9.20586;1
45.47216;9.12024;1
45.47217;9.20849;1
45.47224;9.18422;1
45.47225;9.15366;1
45.47227;9.20698;1
45.47227;9.19520;1
45.47233;9.14273;1
45.47236;9.16197;1
45.47236;9.18697;1
45.47237;9.18108;1
45.47240;9.15296;1
45.47241;9.20792;1
45.47244;9.21950;1
45.47244;9.24471;1
45.47248;9.20529;1
45.47249;9.12112;1
45.47250;9.18548;1
45.47252;9.13582;1
45.47253;9.20338;1
45.47256;9.21603;1
45.47256;9.22948;1
45.47259;9.16348;1
45.47261;9.15579;1
45.47262;9.20012;1
45.47262;9.22664;1
45.47265;9.21237;1
45.47267;9.23239;1
45.47267;9.19457;1
45.47267;9.24715;1
45.47268;9.23438;1
45.47270;9.23669;1
45.47271;9.18702;1
45.47274;9.16339;1
45.47276;9.19650;1
45.47276;9.16872;1
45.47280;9.15387;1
45.47281;9.23066;1
45.47281;9.10650;1
45.47284;9.20372;1
45.47286;9.23441;1
45.47290;9.14866;1
45.47293;9.16871;1
45.47293;9.17321;1
45.47296;9.11124;1
45.47299;9.12462;1
45.47308;9.07145;1
45.47308;9.22406;1
45.47309;9.24335;1
45.47309;9.20370;1
45.47309;9.18834;1
45.47310;9.21661;1
45.47313;9.18945;1
45.47313;9.19214;1
45.47318;9.15193;1
45.47325;9.11570;1
45.47329;9.13889;1
45.47331;9.21098;1
45.47333;9.23034;1
45.47335;9.21128;1
45.47335;9.21788;1
45.47338;9.22135;1
45.47341;9.22377;1
45.47342;9.15861;1
45.47345;9.24501;1
45.47349;9.17053;1
45.47349;9.12469;1
45.47351;9.14456;1
45.47351;9.15518;1
45.47352;9.18710;1
45.47354;9.11855;1
45.47355;9.18349;1
45.47357;9.22520;1
45.47359;9.22199;1
45.47364;9.18358;1
45.47365;9.14411;1
45.47368;9.23176;1
45.47371;9.21298;1
45.47372;9.18717;1
45.47373;9.21456;1
45.47374;9.20364;1
45.47382;9.24465;1
45.47387;9.13724;1
45.47392;9.13505;1
45.47393;9.14402;1
45.47398;9.23035;1
45.47399;9.18073;1
45.47405;9.16031;1
45.47405;9.14041;1
45.47405;9.15052;1
45.47406;9.14517;1
45.47409;9.12594;1
45.47410;9.19314;1
45.47411;9.14051;1
45.47412;9.15636;1
45.47413;9.24853;1
45.47417;9.19459;1
45.47425;9.18196;1
45.47426;9.16098;1
45.47426;9.14960;1
45.47428;9.12587;1
45.47432;9.15070;1
45.47434;9.21109;1
45.47435;9.13429;1
45.47439;9.19614;1
45.47439;9.11610;1
45.47441;9.22007;1
45.47442;9.13994;1
45.47444;9.14103;1
45.47455;9.14120;1
45.47456;9.22967;1
45.47458;9.21474;1
45.47466;9.23214;1
45.47471;9.14939;1
45.47483;9.11616;1
45.47486;9.15578;1
45.47488;9.19494;1
45.47488;9.21148;1
45.47494;9.20601;1
45.47494;9.19160;1
45.47495;9.16853;1
45.47496;9.22107;1
45.47496;9.10576;1
45.47499;9.20812;1
45.47501;9.14165;1
45.47504;9.16872;1
45.47506;9.18698;1
45.47506;9.21606;1
45.47509;9.21082;1
45.47509;9.20526;1
45.47514;9.19089;1
45.47516;9.19063;1
45.47519;9.20412;1
45.47519;9.14216;1
45.47520;9.16468;1
45.47520;9.11464;1
45.47524;9.16008;1
45.47531;9.11503;1
45.47533;9.11074;1
45.47534;9.18844;1
45.47534;9.13723;1
45.47535;9.23452;1
45.47536;9.20596;1
45.47538;9.18712;1
45.47538;9.15112;1
45.47538;9.22017;1
45.47542;9.18694;1
45.47547;9.16871;1
45.47556;9.19157;1
45.47558;9.18331;1
45.47563;9.14265;1
45.47564;9.20313;1
45.47573;9.20833;1
45.47573;9.15136;1
45.47574;9.16778;1
45.47576;9.20181;1
45.47576;9.20918;1
45.47578;9.14344;1
45.47579;9.20667;1
45.47582;9.21478;1
45.47583;9.18602;1
45.47584;9.14254;1
45.47585;9.16830;1
45.47585;9.14817;1
45.47586;9.10943;1
45.47589;9.19707;1
45.47589;9.20593;1
45.47590;9.20479;1
45.47591;9.14780;1
45.47592;9.20819;1
45.47593;9.09388;1
45.47593;9.12960;1
45.47595;9.19336;1
45.47598;9.16554;1
45.47599;9.11117;1
45.47600;9.11668;1
45.47600;9.11387;1
45.47600;9.16836;1
45.47602;9.14061;1
45.47603;9.16596;1
45.47603;9.20663;1
45.47604;9.11985;1
45.47605;9.13715;1
45.47605;9.12435;1
45.47608;9.11543;1
45.47608;9.20831;1
45.47609;9.13372;1
45.47610;9.12110;1
45.47610;9.11544;1
45.47613;9.19504;1
45.47613;9.13027;1
45.47614;9.12913;1
45.47616;9.17310;1
45.47620;9.17660;1
45.47622;9.13568;1
45.47630;9.11707;1
45.47631;9.18589;1
45.47633;9.16190;1
45.47633;9.11275;1
45.47635;9.19182;1
45.47637;9.14292;1
45.47639;9.24143;1
45.47639;9.19529;1
45.47641;9.16524;1
45.47641;9.18849;1
45.47644;9.14407;1
45.47644;9.20971;1
45.47644;9.10623;1
45.47647;9.23606;1
45.47650;9.16565;1
45.47660;9.18414;1
45.47663;9.20097;1
45.47665;9.23255;1
45.47673;9.22619;1
45.47680;9.16848;1
45.47682;9.24352;1
45.47688;9.22676;1
45.47690;9.15156;1
45.47691;9.16132;1
45.47693;9.17717;1
45.47695;9.20984;1
45.47698;9.18852;1
45.47698;9.10628;1
45.47703;9.24706;1
45.47703;9.20008;1
45.47705;9.14501;1
45.47706;9.21934;1
45.47706;9.17097;1
45.47713;9.20847;1
45.47713;9.18878;1
45.47715;9.16154;1
45.47720;9.24695;1
45.47720;9.24997;1
45.47723;9.19539;1
45.47723;9.13159;1
45.47732;9.17497;1
45.47732;9.19233;1
45.47741;9.17121;1
45.47742;9.21181;1
45.47745;9.21443;1
45.47745;9.16847;1
45.47746;9.17914;1
45.47748;9.22552;1
45.47750;9.17735;1
45.47750;9.21273;1
45.47752;9.18622;1
45.47753;9.20542;1
45.47755;9.16869;1
45.47765;9.14072;1
45.47768;9.20621;1
45.47769;9.16727;1
45.47769;9.17407;1
45.47774;9.18336;1
45.47775;9.09296;1
45.47775;9.08670;1
45.47781;9.17246;1
45.47784;9.16001;1
45.47787;9.15148;1
45.47793;9.14511;1
45.47794;9.19854;1
45.47794;9.16996;1
45.47798;9.16947;1
45.47798;9.20893;1
45.47799;9.18392;1
45.47803;9.13525;1
45.47805;9.16755;1
45.47807;9.18451;1
45.47810;9.11721;1
45.47812;9.1738;1
45.47812;9.12396;1
45.47814;9.14646;1
45.47814;9.1603;1
45.47814;9.13114;1
45.47815;9.22970;1
45.47815;9.20114;1
45.47820;9.16677;1
45.47822;9.10548;1
45.47824;9.22346;1
45.47828;9.18232;1
45.47833;9.19554;1
45.47835;9.20350;1
45.47835;9.20698;1
45.47836;9.18199;1
45.47838;9.21275;1
45.47840;9.21429;1
45.47841;9.14503;1
45.47843;9.22710;1
45.47844;9.17010;1
45.47845;9.17285;1
45.47846;9.14722;1
45.47850;9.22047;1
45.47851;9.18912;1
45.47852;9.14259;1
45.47852;9.11739;1
45.47853;9.20327;1
45.47853;9.13996;1
45.47856;9.17111;1
45.4786;9.17055;1
45.47865;9.20601;1
45.47869;9.21028;1
45.47872;9.22206;1
45.47877;9.17260;1
45.47878;9.20282;1
45.47878;9.18006;1
45.47879;9.14317;1
45.47879;9.16746;1
45.47879;9.17252;1
45.47888;9.21741;1
45.47892;9.19948;1
45.47903;9.20282;1
45.47904;9.14721;1
45.47907;9.21274;1
45.47908;9.18009;1
45.47909;9.10388;1
45.47912;9.21693;1
45.47912;9.22165;1
45.47914;9.19431;1
45.47919;9.19256;1
45.47924;9.17365;1
45.47925;9.18208;1
45.47927;9.14840;1
45.47928;9.19290;1
45.47930;9.18211;1
45.47931;9.17376;1
45.47932;9.20063;1
45.47933;9.22706;1
45.47934;9.20966;1
45.47940;9.19443;1
45.47941;9.13280;1
45.47943;9.20426;1
45.47943;9.13651;1
45.47944;9.16411;1
45.47944;9.18546;1
45.47947;9.22733;1
45.47949;9.20066;1
45.47952;9.17309;1
45.47959;9.14766;1
45.47959;9.20431;1
45.47962;9.18077;1
45.47963;9.21148;1
45.47964;9.21056;1
45.47965;9.15171;1
45.47966;9.14457;1
45.47968;9.20821;1
45.47968;9.19212;1
45.47969;9.17293;1
45.47972;9.20018;1
45.47974;9.21584;1
45.47974;9.19220;1
45.47976;9.20543;1
45.47977;9.21070;1
45.47977;9.19546;1
45.47982;9.19339;1
45.47983;9.21020;1
45.47984;9.17594;1
45.47986;9.20105;1
45.47993;9.21674;1
45.47994;9.22300;1
45.47998;9.18889;1
45.47999;9.18840;1
45.48001;9.24756;1
45.48002;9.19121;1
45.48002;9.18953;1
45.48004;9.14160;1
45.48004;9.19067;1
45.48008;9.21514;1
45.4801;9.18814;1
45.48011;9.21384;1
45.48013;9.22274;1
45.48013;9.18798;1
45.48014;9.24726;1
45.48017;9.18308;1
45.48020;9.18235;1
45.48023;9.21081;1
45.48023;9.13021;1
45.48025;9.18316;1
45.48026;9.19560;1
45.48027;9.17981;1
45.48029;9.18706;1
45.48029;9.22126;1
45.48030;9.19685;1
45.48031;9.14683;1
45.48034;9.23435;1
45.48036;9.24450;1
45.48041;9.19656;1
45.48042;9.21000;1
45.48043;9.17488;1
45.48045;9.23407;1
45.48047;9.20667;1
45.48047;9.15944;1
45.48053;9.13115;1
45.48053;9.23157;1
45.48053;9.21049;1
45.48053;9.17074;1
45.48058;9.15012;1
45.48060;9.18132;1
45.48066;9.21170;1
45.48068;9.20625;1
45.48068;9.18411;1
45.48069;9.23413;1
45.48069;9.21583;1
45.48071;9.23553;1
45.48071;9.21556;1
45.48072;9.12735;1
45.48074;9.12875;1
45.48074;9.21414;1
45.48075;9.20198;1
45.48078;9.18364;1
45.48081;9.18348;1
45.48082;9.18829;1
45.48087;9.16363;1
45.48087;9.21548;1
45.48092;9.22309;1
45.48093;9.23430;1
45.48096;9.18884;1
45.48099;9.20364;1
45.48100;9.18799;1
45.48104;9.18551;1
45.48106;9.24535;1
45.48107;9.24145;1
45.48109;9.20195;1
45.48115;9.16922;1
45.48115;9.21308;1
45.48116;9.17309;1
45.48117;9.19275;1
45.48123;9.21477;1
45.48124;9.19078;1
45.48128;9.24267;1
45.48131;9.18798;1
45.48136;9.19721;1
45.48137;9.22199;1
45.48138;9.22630;1
45.48141;9.17390;1
45.48147;9.1455;1
45.48148;9.16734;1
45.48151;9.14541;1
45.48152;9.18455;1
45.48154;9.23428;1
45.48155;9.18942;1
45.48157;9.20799;1
45.48157;9.20255;1
45.48157;9.15599;1
45.48158;9.20298;1
45.48158;9.26555;1
45.48159;9.16714;1
45.48161;9.20020;1
45.48161;9.22176;1
45.48161;9.20437;1
45.48162;9.22682;1
45.48163;9.20062;1
45.48164;9.20785;1
45.48165;9.26610;1
45.48165;9.15963;1
45.48170;9.20772;1
45.48171;9.21669;1
45.48172;9.21324;1
45.48175;9.22800;1
45.48176;9.18177;1
45.48177;9.21689;1
45.48179;9.19794;1
45.48180;9.18493;1
45.48181;9.24994;1
45.48186;9.16758;1
45.48187;9.20127;1
45.48189;9.22760;1
45.48192;9.22973;1
45.48193;9.22382;1
45.48195;9.21222;1
45.48199;9.18851;1
45.48201;9.18187;1
45.48207;9.16468;1
45.48207;9.11866;1
45.48208;9.14713;1
45.4821;9.20501;1
45.48212;9.20045;1
45.48217;9.19219;1
45.48221;9.20679;1
45.48222;9.21639;1
45.48229;9.21585;1
45.48231;9.16068;1
45.48233;9.23936;1
45.48234;9.24042;1
45.48236;9.17187;1
45.48240;9.21563;1
45.48242;9.14404;1
45.48242;9.22996;1
45.48243;9.16842;1
45.48250;9.21276;1
45.48251;9.11868;1
45.48252;9.18182;1
45.48253;9.21002;1
45.48255;9.22506;1
45.48259;9.08899;1
45.48265;9.18088;1
45.48271;9.21566;1
45.48272;9.14855;1
45.48283;9.20686;1
45.48283;9.21727;1
45.48283;9.20200;1
45.48283;9.21476;1
45.48289;9.23500;1
45.48291;9.08976;1
45.48291;9.23100;1
45.48292;9.19012;1
45.48297;9.17007;1
45.48297;9.23068;1
45.48303;9.21336;1
45.48305;9.16190;1
45.48306;9.23441;1
45.48308;9.18172;1
45.48310;9.14301;1
45.48313;9.10498;1
45.48322;9.24119;1
45.48322;9.10509;1
45.48327;9.21080;1
45.48327;9.22204;1
45.48329;9.16161;1
45.48329;9.18122;1
45.48330;9.08842;1
45.48332;9.19729;1
45.48333;9.22118;1
45.48333;9.17824;1
45.48334;9.23570;1
45.48335;9.18300;1
45.48338;9.20749;1
45.48340;9.23364;1
45.48340;9.21586;1
45.48343;9.16792;1
45.48344;9.12299;1
45.48348;9.13476;1
45.48349;9.20507;1
45.48353;9.15464;1
45.48355;9.18806;1
45.48357;9.17014;1
45.48358;9.21129;1
45.48360;9.17276;1
45.48361;9.15243;1
45.48365;9.17309;1
45.48366;9.20319;1
45.48366;9.23355;1
45.48372;9.19534;1
45.48372;9.17997;1
45.48373;9.20430;1
45.48374;9.21715;1
45.48375;9.21291;1
45.48375;9.13375;1
45.48380;9.17420;1
45.48383;9.20377;1
45.48384;9.17331;1
45.48384;9.15217;1
45.48388;9.19838;1
45.48390;9.21476;1
45.48392;9.15253;1
45.48397;9.21636;1
45.48398;9.15661;1
45.48399;9.17545;1
45.48400;9.15565;1
45.48401;9.20961;1
45.48402;9.18176;1
45.48403;9.13262;1
45.48406;9.16072;1
45.48410;9.16209;1
45.48411;9.14107;1
45.48412;9.20700;1
45.48412;9.18885;1
45.48416;9.16347;1
45.48420;9.21550;1
45.48422;9.20613;1
45.48424;9.19676;1
45.48424;9.16605;1
45.48425;9.20843;1
45.48426;9.15706;1
45.48426;9.21136;1
45.48436;9.21820;1
45.48438;9.16670;1
45.48438;9.14367;1
45.48439;9.19489;1
45.48442;9.15345;1
45.48442;9.21443;1
45.48448;9.21972;1
45.48450;9.21110;1
45.48452;9.21611;1
45.48454;9.21849;1
45.48455;9.08442;1
45.48458;9.21516;1
45.48466;9.15569;1
45.48472;9.21901;1
45.48478;9.13956;1
45.48480;9.21472;1
45.48487;9.15125;1
45.48489;9.11811;1
45.48489;9.22339;1
45.48493;9.15957;1
45.48495;9.21522;1
45.48502;9.21558;1
45.48502;9.16709;1
45.48503;9.20944;1
45.48511;9.23144;1
45.48513;9.23057;1
45.48518;9.20672;1
45.48518;9.18182;1
45.48518;9.21416;1
45.48518;9.21927;1
45.48523;9.17495;1
45.48523;9.20817;1
45.48524;9.15493;1
45.48528;9.16230;1
45.48530;9.18429;1
45.48531;9.23272;1
45.48534;9.12777;1
45.48534;9.09200;1
45.48537;9.17545;1
45.48540;9.08187;1
45.48542;9.16564;1
45.48543;9.19466;1
45.48543;9.13000;1
45.48546;9.21199;1
45.48547;9.21819;1
45.48547;9.16446;1
45.48551;9.23328;1
45.48556;9.19601;1
45.4857;9.21285;1
45.48572;9.16010;1
45.48579;9.13024;1
45.48579;9.15173;1
45.48582;9.20213;1
45.48582;9.21486;1
45.48583;9.21852;1
45.48584;9.19691;1
45.48588;9.15826;1
45.48589;9.14534;1
45.48589;9.17053;1
45.4859;9.21246;1
45.48592;9.22055;1
45.48592;9.22153;1
45.48593;9.23174;1
45.48593;9.22929;1
45.48593;9.18288;1
45.48594;9.22526;1
45.48595;9.22301;1
45.48598;9.21230;1
45.48598;9.23071;1
45.486;9.18665;1
45.48602;9.23259;1
45.48605;9.22469;1
45.48606;9.17340;1
45.48607;9.23163;1
45.48609;9.16424;1
45.48611;9.15124;1
45.48612;9.22414;1
45.48613;9.13929;1
45.48613;9.30165;1
45.48614;9.19512;1
45.48614;9.16649;1
45.48618;9.16435;1
45.48620;9.22572;1
45.48620;9.22240;1
45.48620;9.22773;1
45.48621;9.16938;1
45.48622;9.19421;1
45.48623;9.15361;1
45.48626;9.24404;1
45.48635;9.22385;1
45.48639;9.21876;1
45.48642;9.15778;1
45.48652;9.30200;1
45.48656;9.21728;1
45.48656;9.15959;1
45.48657;9.18683;1
45.48662;9.21471;1
45.48663;9.22404;1
45.48666;9.19808;1
45.48670;9.21536;1
45.48670;9.21950;1
45.48679;9.21937;1
45.48681;9.21508;1
45.48684;9.23010;1
45.48686;9.22965;1
45.48690;9.24596;1
45.48692;9.13332;1
45.48692;9.19762;1
45.48693;9.19998;1
45.48694;9.21492;1
45.48706;9.15471;1
45.48708;9.24751;1
45.48708;9.24641;1
45.48711;9.21010;1
45.48723;9.21202;1
45.48730;9.21305;1
45.48731;9.16138;1
45.48732;9.17157;1
45.48735;9.16969;1
45.48738;9.13743;1
45.48740;9.17433;1
45.48743;9.16816;1
45.48745;9.21700;1
45.48748;9.16921;1
45.48758;9.16259;1
45.48760;9.20915;1
45.48766;9.19688;1
45.48776;9.16811;1
45.48776;9.19865;1
45.48779;9.15154;1
45.48781;9.22961;1
45.48783;9.22875;1
45.48783;9.20319;1
45.48784;9.20966;1
45.48784;9.16648;1
45.48787;9.16609;1
45.48789;9.16699;1
45.48790;9.21661;1
45.48790;9.18933;1
45.48792;9.15765;1
45.48795;9.22987;1
45.48796;9.20838;1
45.48799;9.16007;1
45.48799;9.21251;1
45.48802;9.19388;1
45.48804;9.16624;1
45.48805;9.11793;1
45.48805;9.16151;1
45.48808;9.15840;1
45.48810;9.20299;1
45.48811;9.21438;1
45.48812;9.19647;1
45.48818;9.16898;1
45.48819;9.18731;1
45.48823;9.19560;1
45.48827;9.24217;1
45.48829;9.23846;1
45.48831;9.22152;1
45.48832;9.12823;1
45.48837;9.22211;1
45.48843;9.19505;1
45.48848;9.23699;1
45.48849;9.21961;1
45.48850;9.15535;1
45.48858;9.21713;1
45.48861;9.22702;1
45.48863;9.21142;1
45.48869;9.14349;1
45.48869;9.21324;1
45.48874;9.19348;1
45.48878;9.20260;1
45.48879;9.16455;1
45.48881;9.22001;1
45.48883;9.15639;1
45.48887;9.18370;1
45.48888;9.20952;1
45.48890;9.20983;1
45.48891;9.18629;1
45.48895;9.18409;1
45.48898;9.19039;1
45.48900;9.21485;1
45.48904;9.15438;1
45.48904;9.14899;1
45.48904;9.15960;1
45.48908;9.24220;1
45.48911;9.23122;1
45.48914;9.23175;1
45.48915;9.18860;1
45.48918;9.19162;1
45.48918;9.15298;1
45.48919;9.15373;1
45.48920;9.22963;1
45.48921;9.23219;1
45.48924;9.23057;1
45.48925;9.20162;1
45.48925;9.22353;1
45.48925;9.18655;1
45.48926;9.21744;1
45.48927;9.12465;1
45.48927;9.14889;1
45.48928;9.18327;1
45.48930;9.19037;1
45.48933;9.23158;1
45.48933;9.16787;1
45.48934;9.07004;1
45.48934;9.25440;1
45.48937;9.17035;1
45.48944;9.19581;1
45.48953;9.15332;1
45.4896;9.23694;1
45.48961;9.15896;1
45.48966;9.19604;1
45.48967;9.16337;1
45.48968;9.20494;1
45.48974;9.16722;1
45.48982;9.18281;1
45.48985;9.14884;1
45.48987;9.19039;1
45.48992;9.16700;1
45.48995;9.18859;1
45.48998;9.19045;1
45.48999;9.15495;1
45.49011;9.21811;1
45.49013;9.24142;1
45.49013;9.18173;1
45.49016;9.15073;1
45.49017;9.18946;1
45.49017;9.22435;1
45.49018;9.19992;1
45.49019;9.25396;1
45.49020;9.21156;1
45.49022;9.16295;1
45.49024;9.23472;1
45.49024;9.23505;1
45.49026;9.22448;1
45.49035;9.23540;1
45.49040;9.22231;1
45.49045;9.20603;1
45.49046;9.18929;1
45.49046;9.15164;1
45.49047;9.18908;1
45.49054;9.21772;1
45.49055;9.18793;1
45.49058;9.21830;1
45.49062;9.22248;1
45.49065;9.24125;1
45.49067;9.21241;1
45.49068;9.18045;1
45.49073;9.14791;1
45.49073;9.18369;1
45.49075;9.22347;1
45.49076;9.20215;1
45.49077;9.18385;1
45.49078;9.21829;1
45.49079;9.20273;1
45.49079;9.15303;1
45.49080;9.22006;1
45.49081;9.21243;1
45.49085;9.21941;1
45.49087;9.20625;1
45.49092;9.12916;1
45.49094;9.15011;1
45.49095;9.16672;1
45.49098;9.23665;1
45.49098;9.14768;1
45.49098;9.15029;1
45.49102;9.14562;1
45.49106;9.18098;1
45.49108;9.23960;1
45.49108;9.21825;1
45.49112;9.23826;1
45.49119;9.23665;1
45.49120;9.19377;1
45.49125;9.24130;1
45.49126;9.16153;1
45.49127;9.14348;1
45.49139;9.16466;1
45.49141;9.23743;1
45.49141;9.22620;1
45.49143;9.14793;1
45.49145;9.24427;1
45.49148;9.18976;1
45.49149;9.16689;1
45.49151;9.22355;1
45.49153;9.20577;1
45.49155;9.07482;1
45.49156;9.21150;1
45.49156;9.11367;1
45.49157;9.20377;1
45.49164;9.22282;1
45.49164;9.22666;1
45.49166;9.11708;1
45.49167;9.16174;1
45.49168;9.10117;1
45.49173;9.15357;1
45.49174;9.14833;1
45.49176;9.14646;1
45.49181;9.22706;1
45.49190;9.22409;1
45.49191;9.18434;1
45.49193;9.19203;1
45.49194;9.16443;1
45.49196;9.21875;1
45.49198;9.15011;1
45.49198;9.22855;1
45.49199;9.22459;1
45.49199;9.20865;1
45.49203;9.18398;1
45.49206;9.10100;1
45.49212;9.19306;1
45.49213;9.22885;1
45.49214;9.11727;1
45.49217;9.15231;1
45.49219;9.19986;1
45.49220;9.22287;1
45.49220;9.18419;1
45.49221;9.18214;1
45.49225;9.22983;1
45.49226;9.10532;1
45.49226;9.20318;1
45.49230;9.16033;1
45.49231;9.10360;1
45.49236;9.19518;1
45.49237;9.18873;1
45.49238;9.15531;1
45.49241;9.18427;1
45.49248;9.14723;1
45.49250;9.20732;1
45.49251;9.15485;1
45.49258;9.18230;1
45.49272;9.20941;1
45.49273;9.23537;1
45.49282;9.18247;1
45.49282;9.22539;1
45.49286;9.22574;1
45.49287;9.15075;1
45.49295;9.19483;1
45.49296;9.21815;1
45.49301;9.15061;1
45.49303;9.07571;1
45.49307;9.14715;1
45.49307;9.22009;1
45.49308;9.20488;1
45.49309;9.19147;1
45.49313;9.20543;1
45.49319;9.21324;1
45.49320;9.18996;1
45.49321;9.22608;1
45.49324;9.19670;1
45.49326;9.21317;1
45.49332;9.14805;1
45.49333;9.10099;1
45.49340;9.23298;1
45.49341;9.20537;1
45.49342;9.12332;1
45.49344;9.07727;1
45.49345;9.22652;1
45.49346;9.12034;1
45.49346;9.15614;1
45.49349;9.23230;1
45.49350;9.18880;1
45.49352;9.14296;1
45.49354;9.10677;1
45.49356;9.15086;1
45.49356;9.20797;1
45.49358;9.18038;1
45.49359;9.13363;1
45.49360;9.20548;1
45.49363;9.19535;1
45.49363;9.18256;1
45.49364;9.14476;1
45.49364;9.14317;1
45.49369;9.11559;1
45.49372;9.14469;1
45.49373;9.19419;1
45.49382;9.15684;1
45.49385;9.10415;1
45.49392;9.18532;1
45.49393;9.23758;1
45.49394;9.15819;1
45.49402;9.22715;1
45.49406;9.19126;1
45.49406;9.15067;1
45.49407;9.14712;1
45.49409;9.18277;1
45.49413;9.14578;1
45.49414;9.19551;1
45.49415;9.19341;1
45.49415;9.11426;1
45.49416;9.20149;1
45.49422;9.14194;1
45.49423;9.17722;1
45.49425;9.18306;1
45.49426;9.23582;1
45.49432;9.21712;1
45.49434;9.18506;1
45.49436;9.22734;1
45.49439;9.18106;1
45.49445;9.12402;1
45.49445;9.21051;1
45.49446;9.15167;1
45.49450;9.18618;1
45.49450;9.18642;1
45.49452;9.21487;1
45.49454;9.15657;1
45.49456;9.19242;1
45.49458;9.18472;1
45.49458;9.14100;1
45.49461;9.22167;1
45.49464;9.18426;1
45.49464;9.14150;1
45.49464;9.22130;1
45.49465;9.13898;1
45.49465;9.20093;1
45.49470;9.07610;1
45.49471;9.14188;1
45.49473;9.20696;1
45.49476;9.19786;1
45.49477;9.23374;1
45.49478;9.14416;1
45.49478;9.07640;1
45.49480;9.20006;1
45.49481;9.10902;1
45.49481;9.12081;1
45.49491;9.11361;1
45.49497;9.14398;1
45.49501;9.19582;1
45.49502;9.19143;1
45.49502;9.13778;1
45.49503;9.18323;1
45.49503;9.21717;1
45.49507;9.10421;1
45.49509;9.19532;1
45.49509;9.18430;1
45.49509;9.13026;1
45.49513;9.17658;1
45.49515;9.23640;1
45.49516;9.15370;1
45.49519;9.19685;1
45.49519;9.21194;1
45.49521;9.20429;1
45.49523;9.14800;1
45.49523;9.19154;1
45.49523;9.17739;1
45.49523;9.17429;1
45.49526;9.18562;1
45.49526;9.17861;1
45.49529;9.23438;1
45.49531;9.18669;1
45.49532;9.20454;1
45.49533;9.18168;1
45.49534;9.11939;1
45.49539;9.13953;1
45.49544;9.21746;1
45.49544;9.17116;1
45.49546;9.22886;1
45.49547;9.20373;1
45.49548;9.10950;1
45.49552;9.15484;1
45.49553;9.23078;1
45.49554;9.14359;1
45.49558;9.18383;1
45.49564;9.17896;1
45.49567;9.20285;1
45.49570;9.22959;1
45.49574;9.23797;1
45.49574;9.19043;1
45.49579;9.20749;1
45.49580;9.13954;1
45.49585;9.22931;1
45.49586;9.18642;1
45.49587;9.19561;1
45.49590;9.15539;1
45.49592;9.21788;1
45.49594;9.21750;1
45.49595;9.10916;1
45.49604;9.15047;1
45.49610;9.13875;1
45.49610;9.18920;1
45.49611;9.14698;1
45.49611;9.21894;1
45.49612;9.20210;1
45.49613;9.22124;1
45.49615;9.17728;1
45.49615;9.18598;1
45.49616;9.22065;1
45.49618;9.16942;1
45.49623;9.25830;1
45.49626;9.17097;1
45.49627;9.13384;1
45.49627;9.13436;1
45.49634;9.17174;1
45.49642;9.23079;1
45.49643;9.17723;1
45.49643;9.19014;1
45.49644;9.22616;1
45.49646;9.11366;1
45.49650;9.12885;1
45.49651;9.17002;1
45.49655;9.14653;1
45.49658;9.13919;1
45.49659;9.17708;1
45.49666;9.21338;1
45.49667;9.19142;1
45.49668;9.23559;1
45.49669;9.18421;1
45.49669;9.15553;1
45.49670;9.17177;1
45.49671;9.16957;1
45.49675;9.20154;1
45.49677;9.17136;1
45.49678;9.20270;1
45.49680;9.23135;1
45.49680;9.18411;1
45.49683;9.18413;1
45.49684;9.19054;1
45.49685;9.13928;1
45.49686;9.17320;1
45.49686;9.14236;1
45.49687;9.17034;1
45.49688;9.18090;1
45.49689;9.13249;1
45.49692;9.17411;1
45.49692;9.15181;1
45.49693;9.17994;1
45.49694;9.16940;1
45.49696;9.15360;1
45.49698;9.18969;1
45.49701;9.18498;1
45.49703;9.19162;1
45.49703;9.13574;1
45.49704;9.18815;1
45.49704;9.23662;1
45.49707;9.11999;1
45.49709;9.14244;1
45.49710;9.10260;1
45.49713;9.13783;1
45.49715;9.22373;1
45.49716;9.23467;1
45.49719;9.17775;1
45.49722;9.18745;1
45.49723;9.19951;1
45.49724;9.16828;1
45.49727;9.11524;1
45.49727;9.22370;1
45.49729;9.18719;1
45.49733;9.20746;1
45.49734;9.19745;1
45.49736;9.16927;1
45.49739;9.16800;1
45.49739;9.10946;1
45.49745;9.23508;1
45.49746;9.16874;1
45.49749;9.16888;1
45.49750;9.19388;1
45.49751;9.11607;1
45.49752;9.18311;1
45.49752;9.18237;1
45.49753;9.10723;1
45.49760;9.19970;1
45.49763;9.19157;1
45.49770;9.23184;1
45.49773;9.10697;1
45.49773;9.11337;1
45.49779;9.21017;1
45.49786;9.23444;1
45.49790;9.18481;1
45.49797;9.23233;1
45.49800;9.18131;1
45.49803;9.16646;1
45.49803;9.19308;1
45.49805;9.13131;1
45.49814;9.15020;1
45.49817;9.13420;1
45.49818;9.25825;1
45.49827;9.13404;1
45.49828;9.13287;1
45.49828;9.16999;1
45.49830;9.19999;1
45.49831;9.22008;1
45.49832;9.24199;1
45.49833;9.19964;1
45.49840;9.16699;1
45.49845;9.12219;1
45.49855;9.16660;1
45.49860;9.19130;1
45.49865;9.13295;1
45.49872;9.19455;1
45.49874;9.13722;1
45.49878;9.13204;1
45.49879;9.14156;1
45.49879;9.19399;1
45.49881;9.23343;1
45.49881;9.15112;1
45.49881;9.13072;1
45.49884;9.24094;1
45.49887;9.10372;1
45.49887;9.23911;1
45.49893;9.14117;1
45.49894;9.17961;1
45.49895;9.18702;1
45.49904;9.19099;1
45.49905;9.20742;1
45.49908;9.19098;1
45.49911;9.18363;1
45.49911;9.20054;1
45.49916;9.16940;1
45.49921;9.14095;1
45.49923;9.14939;1
45.49929;9.22086;1
45.4993;9.23645;1
45.49930;9.12576;1
45.49931;9.21206;1
45.49933;9.19629;1
45.49934;9.18180;1
45.49935;9.22050;1
45.49938;9.13150;1
45.49944;9.18368;1
45.49946;9.19082;1
45.49946;9.19868;1
45.49948;9.18387;1
45.49949;9.14350;1
45.49953;9.23987;1
45.49954;9.20864;1
45.49957;9.22104;1
45.49958;9.22080;1
45.49964;9.22491;1
45.49965;9.16251;1
45.49969;9.14300;1
45.4997;9.18359;1
45.49975;9.16967;1
45.49977;9.14871;1
45.49977;9.23674;1
45.49978;9.20241;1
45.49986;9.12944;1
45.49990;9.13020;1
45.49991;9.16983;1
45.49994;9.16812;1
45.49994;9.14048;1
45.50002;9.17575;1
45.50004;9.13870;1
45.50005;9.21178;1
45.50008;9.12046;1
45.50008;9.21000;1
45.50011;9.22235;1
45.50011;9.22715;1
45.50011;9.22068;1
45.50013;9.23522;1
45.50013;9.12395;1
45.50013;9.19116;1
45.50014;9.23548;1
45.50017;9.22085;1
45.50018;9.17880;1
45.50019;9.19052;1
45.50020;9.17830;1
45.50023;9.23734;1
45.50023;9.12033;1
45.50026;9.22796;1
45.50030;9.19917;1
45.50035;9.20815;1
45.50037;9.09838;1
45.50044;9.22132;1
45.50044;9.19430;1
45.50053;9.21149;1
45.50054;9.17814;1
45.50059;9.23583;1
45.50064;9.24156;1
45.50065;9.20915;1
45.50074;9.14011;1
45.50084;9.23843;1
45.50093;9.22199;1
45.50099;9.21125;1
45.50100;9.23659;1
45.50103;9.22125;1
45.50107;9.18552;1
45.50110;9.18551;1
45.50111;9.15825;1
45.50114;9.18894;1
45.50115;9.18797;1
45.50115;9.19573;1
45.50118;9.18252;1
45.50120;9.14124;1
45.50122;9.12411;1
45.50122;9.13161;1
45.50123;9.12654;1
45.50124;9.19562;1
45.50131;9.16259;1
45.50142;9.22426;1
45.50149;9.19891;1
45.50153;9.14433;1
45.50155;9.24238;1
45.50158;9.13916;1
45.50162;9.23693;1
45.50162;9.23721;1
45.50167;9.19987;1
45.50185;9.21035;1
45.50186;9.17315;1
45.50192;9.18965;1
45.50194;9.11128;1
45.50207;9.17073;1
45.50209;9.18974;1
45.50214;9.16554;1
45.50214;9.19271;1
45.50215;9.22143;1
45.50216;9.19817;1
45.50219;9.12137;1
45.50222;9.23194;1
45.50228;9.22131;1
45.50238;9.16562;1
45.50241;9.15347;1
45.50242;9.16508;1
45.50248;9.13840;1
45.50250;9.12685;1
45.50255;9.16195;1
45.50258;9.18159;1
45.50259;9.22190;1
45.50267;9.18909;1
45.50272;9.18877;1
45.50274;9.17673;1
45.50276;9.12132;1
45.50278;9.17913;1
45.50293;9.19325;1
45.50293;9.21106;1
45.50294;9.16053;1
45.50296;9.18144;1
45.50303;9.22143;1
45.50308;9.21850;1
45.50308;9.11288;1
45.50313;9.17645;1
45.50314;9.14160;1
45.50315;9.16275;1
45.50316;9.16032;1
45.50326;9.12166;1
45.50326;9.22404;1
45.50334;9.20203;1
45.50334;9.19632;1
45.50347;9.17642;1
45.50363;9.12199;1
45.50365;9.22980;1
45.50381;9.17643;1
45.50383;9.18896;1
45.50388;9.24537;1
45.50390;9.13731;1
45.50407;9.12253;1
45.50415;9.19641;1
45.50419;9.10355;1
45.50422;9.16801;1
45.50423;9.18045;1
45.50423;9.17220;1
45.50424;9.23911;1
45.50425;9.19722;1
45.50429;9.21226;1
45.50431;9.23890;1
45.50432;9.19662;1
45.50434;9.18071;1
45.50434;9.18508;1
45.50446;9.12272;1
45.50447;9.12652;1
45.50449;9.19681;1
45.50454;9.23865;1
45.50458;9.12786;1
45.50459;9.10704;1
45.50461;9.12702;1
45.50472;9.19865;1
45.50474;9.18863;1
45.50476;9.18496;1
45.50485;9.17428;1
45.50493;9.10535;1
45.50495;9.13695;1
45.50495;9.14060;1
45.50499;9.10511;1
45.50500;9.13644;1
45.50501;9.16018;1
45.50502;9.17989;1
45.50503;9.13702;1
45.50506;9.12166;1
45.50508;9.23545;1
45.50515;9.20136;1
45.50517;9.22249;1
45.50518;9.10113;1
45.50519;9.24172;1
45.50525;9.17993;1
45.50539;9.32977;1
45.50541;9.10383;1
45.50549;9.23761;1
45.50549;9.13621;1
45.50549;9.22285;1
45.50554;9.26526;1
45.50555;9.25175;1
45.50556;9.22449;1
45.50561;9.10026;1
45.50567;9.17329;1
45.50580;9.24275;1
45.50599;9.23577;1
45.50605;9.23715;1
45.50607;9.17836;1
45.50608;9.16090;1
45.50610;9.23756;1
45.50611;9.24377;1
45.50612;9.17488;1
45.50613;9.21143;1
45.50623;9.22411;1
45.50625;9.16320;1
45.50628;9.24769;1
45.50629;9.26799;1
45.50633;9.23723;1
45.50639;9.22582;1
45.50656;9.22719;1
45.50663;9.22203;1
45.50669;9.23398;1
45.50677;9.2229;1
45.50691;9.26729;1
45.50694;9.20313;1
45.50695;9.17838;1
45.50696;9.22956;1
45.50705;9.16302;1
45.50710;9.19819;1
45.50728;9.19828;1
45.50731;9.19154;1
45.50737;9.13698;1
45.50747;9.20056;1
45.50748;9.17828;1
45.50755;9.17813;1
45.50760;9.24511;1
45.50761;9.19483;1
45.50761;9.25319;1
45.50762;9.23289;1
45.50765;9.22069;1
45.50788;9.19496;1
45.50790;9.23409;1
45.50791;9.22698;1
45.50802;9.17782;1
45.50803;9.25113;1
45.50824;9.13644;1
45.50830;9.14265;1
45.50831;9.20118;1
45.50832;9.19805;1
45.50835;9.16788;1
45.50853;9.13375;1
45.50871;9.19852;1
45.50871;9.19339;1
45.50877;9.19577;1
45.50880;9.26692;1
45.50887;9.24684;1
45.50898;9.17247;1
45.50903;9.18963;1
45.50904;9.13087;1
45.50909;9.19397;1
45.50910;9.13241;1
45.50915;9.20244;1
45.50918;9.17722;1
45.50922;9.20275;1
45.50937;9.13171;1
45.50965;9.13207;1
45.50965;9.24730;1
45.50967;9.22359;1
45.50968;9.17185;1
45.50973;9.24839;1
45.50977;9.17523;1
45.50982;9.13787;1
45.50988;9.11488;1
45.50989;9.21022;1
45.51000;9.13034;1
45.51013;9.17106;1
45.51016;9.18619;1
45.51029;9.16701;1
45.51036;9.13799;1
45.51037;9.25067;1
45.51038;9.26024;1
45.51042;9.24332;1
45.51044;9.25128;1
45.51045;9.22396;1
45.51052;9.13759;1
45.51061;9.25203;1
45.51063;9.23075;1
45.51068;9.25168;1
45.51077;9.18220;1
45.51081;9.16699;1
45.51082;9.25282;1
45.51084;9.19325;1
45.51087;9.20040;1
45.51099;9.19272;1
45.51102;9.21482;1
45.51104;9.12749;1
45.51106;9.23513;1
45.51112;9.25459;1
45.51114;9.23496;1
45.51117;9.22387;1
45.51117;9.25417;1
45.51119;9.19195;1
45.51121;9.17532;1
45.51127;9.22949;1
45.51130;9.16681;1
45.51131;9.13734;1
45.51132;9.21059;1
45.51136;9.22471;1
45.51147;9.13744;1
45.51148;9.25519;1
45.51151;9.20932;1
45.51156;9.22457;1
45.51160;9.16039;1
45.51192;9.20085;1
45.51200;9.22002;1
45.51201;9.15790;1
45.51202;9.17499;1
45.51219;9.22543;1
45.51220;9.16243;1
45.51221;9.12325;1
45.51225;9.13396;1
45.51229;9.17354;1
45.51231;9.12817;1
45.51237;9.22765;1
45.51238;9.12814;1
45.51257;9.15787;1
45.51260;9.26046;1
45.51265;9.23223;1
45.51272;9.21182;1
45.51272;9.24960;1
45.51276;9.26106;1
45.51294;9.20706;1
45.51298;9.22498;1
45.51298;9.13679;1
45.51306;9.29525;1
45.51306;9.13658;1
45.51323;9.24388;1
45.51328;9.22508;1
45.51338;9.16994;1
45.51344;9.22776;1
45.51361;9.19257;1
45.51365;9.17539;1
45.51365;9.17364;1
45.51366;9.14381;1
45.51366;9.17001;1
45.51369;9.26307;1
45.51376;9.26048;1
45.51379;9.20257;1
45.51382;9.17345;1
45.51384;9.12849;1
45.51394;9.14398;1
45.51401;9.21032;1
45.51407;9.21758;1
45.51409;9.21272;1
45.51418;9.23052;1
45.51424;9.13701;1
45.51424;9.21989;1
45.51426;9.14587;1
45.51427;9.13641;1
45.51443;9.14608;1
45.51450;9.20800;1
45.51452;9.16725;1
45.51453;9.23195;1
45.51456;9.21784;1
45.51461;9.20578;1
45.51468;9.22531;1
45.51489;9.19118;1
45.51506;9.23600;1
45.51524;9.19408;1
45.51526;9.19244;1
45.51536;9.14226;1
45.51539;9.15689;1
45.51540;9.14360;1
45.51540;9.19401;1
45.51541;9.21125;1
45.51551;9.23570;1
45.51552;9.16925;1
45.51553;9.24932;1
45.51556;9.25586;1
45.51561;9.20272;1
45.51565;9.20408;1
45.51566;9.17076;1
45.51569;9.21364;1
45.51581;9.24064;1
45.51583;9.17707;1
45.51586;9.21170;1
45.51603;9.20761;1
45.51610;9.21612;1
45.51615;9.14331;1
45.51615;9.17927;1
45.51624;9.19310;1
45.51627;9.19091;1
45.51636;9.15873;1
45.51640;9.17195;1
45.51640;9.20164;1
45.51641;9.24491;1
45.51646;9.13908;1
45.51647;9.19339;1
45.51648;9.20603;1
45.51657;9.13583;1
45.51657;9.24077;1
45.51664;9.13037;1
45.51665;9.20333;1
45.51667;9.18007;1
45.51672;9.19287;1
45.51673;9.20610;1
45.51674;9.20372;1
45.51681;9.18049;1
45.51690;9.15064;1
45.51694;9.17074;1
45.51698;9.17101;1
45.51704;9.12036;1
45.51704;9.22767;1
45.51706;9.19108;1
45.51712;9.12029;1
45.51714;9.19264;1
45.51722;9.21215;1
45.51729;9.12024;1
45.51730;9.14074;1
45.51736;9.20301;1
45.51737;9.18883;1
45.51740;9.15988;1
45.51746;9.12735;1
45.51748;9.19473;1
45.51760;9.20357;1
45.51760;9.19222;1
45.51765;9.19965;1
45.51765;9.14531;1
45.51772;9.20394;1
45.51777;9.12981;1
45.51799;9.16228;1
45.51799;9.17327;1
45.51805;9.14520;1
45.51813;9.19971;1
45.51825;9.19962;1
45.51826;9.19348;1
45.51831;9.14264;1
45.51831;9.21029;1
45.51838;9.22103;1
45.51838;9.15461;1
45.51856;9.19126;1
45.51874;9.13763;1
45.51882;9.13595;1
45.51886;9.15384;1
45.51888;9.13166;1
45.51888;9.13796;1
45.51888;9.20569;1
45.51900;9.19629;1
45.51910;9.12246;1
45.51916;9.21089;1
45.51921;9.13348;1
45.51924;9.09753;1
45.51929;9.17023;1
45.51936;9.21340;1
45.51959;9.21131;1
45.51962;9.13868;1
45.51979;9.19233;1
45.51989;9.16890;1
45.52004;9.16985;1
45.52061;9.17209;1
45.52070;9.14760;1
45.52097;9.22934;1
45.52117;9.15722;1
45.52128;9.14517;1
45.52132;9.15310;1
45.52142;9.21275;1
45.52152;9.19208;1
45.52165;9.16446;1
45.52192;9.27148;1
45.52208;9.21561;1
45.52216;9.15584;1
45.52223;9.15623;1
45.52226;9.20645;1
45.52234;9.21118;1
45.52237;9.20458;1
45.52249;9.19215;1
45.52274;9.15877;1
45.52282;9.22732;1
45.52282;9.20443;1
45.52290;9.19060;1
45.52304;9.22312;1
45.52305;9.16170;1
45.52312;9.20407;1
45.52314;9.22445;1
45.52315;9.20761;1
45.52320;9.22415;1
45.52322;9.22533;1
45.52326;9.19289;1
45.52328;9.22540;1
45.52348;9.17546;1
45.52365;9.20938;1
45.52371;9.16126;1
45.52396;9.19304;1
45.52398;9.16557;1
45.52432;9.19283;1
45.52477;9.16234;1
45.52481;9.18022;1
45.52485;9.16002;1
45.52486;9.21424;1
45.52519;9.16938;1
45.52535;9.17575;1
45.52541;9.20846;1
45.52547;9.20839;1
45.52583;9.20217;1
45.52601;9.20501;1
45.52643;9.16004;1
45.52649;9.16440;1
45.52654;9.17417;1
45.52666;9.16961;1
45.52734;9.20981;1
45.52744;9.16682;1
45.52818;9.15839;1
45.52832;9.16216;1
45.52845;9.16166;1
45.52854;9.21613;1
45.52855;9.17606;1
45.52872;9.17350;1
45.52875;9.17110;1
45.52883;9.16301;1
45.52887;9.16613;1
45.52901;9.16295;1
45.52910;9.17874;1
45.52944;9.16278;1
45.52964;9.21611;1
45.53033;9.16302;1
45.53098;9.16791;1
45.53104;9.17192;1
45.53121;9.18991;1
45.53259;9.16109;1
45.53279;9.17107;1
45.53520;9.16600;1
45.54796;9.14760;1
45.54942;9.17817;1
45.40277;9.17439;2
45.40617;9.17409;2
45.40657;9.17001;2
45.40659;9.20769;2
45.41040;9.17475;2
45.41418;9.20794;2
45.41929;9.17627;2
45.42622;9.25130;2
45.42689;9.17407;2
45.42846;9.17113;2
45.42924;9.17157;2
45.42941;9.17168;2
45.42974;9.16672;2
45.42977;9.25662;2
45.43082;9.25905;2
45.43088;9.24409;2
45.43099;9.24227;2
45.43163;9.18137;2
45.43169;9.17762;2
45.43306;9.16207;2
45.43363;9.18320;2
45.43426;9.16800;2
45.43484;9.24181;2
45.43566;9.22848;2
45.43566;9.15436;2
45.43591;9.18792;2
45.43617;9.19951;2
45.43628;9.18746;2
45.43640;9.20041;2
45.43679;9.21781;2
45.43680;9.19854;2
45.43692;9.21707;2
45.43704;9.18642;2
45.43713;9.21666;2
45.43713;9.19815;2
45.43718;9.22365;2
45.43718;9.15420;2
45.43719;9.20029;2
45.43728;9.18041;2
45.43728;9.26593;2
45.43760;9.17116;2
45.43780;9.21943;2
45.43791;9.18100;2
45.43794;9.15462;2
45.43801;9.17491;2
45.43802;9.21988;2
45.43825;9.20591;2
45.43830;9.17509;2
45.43833;9.20002;2
45.43932;9.19974;2
45.43943;9.17852;2
45.43956;9.20157;2
45.44002;9.21589;2
45.44010;9.18771;2
45.44011;9.22474;2
45.44011;9.20005;2
45.44032;9.19992;2
45.44033;9.15090;2
45.44064;9.15076;2
45.44067;9.21298;2
45.44084;9.12920;2
45.44087;9.18165;2
45.44091;9.17281;2
45.44106;9.15010;2
45.44115;9.21550;2
45.44142;9.19923;2
45.44143;9.13553;2
45.44144;9.22107;2
45.44162;9.21716;2
45.44188;9.17266;2
45.44194;9.13295;2
45.44265;9.13426;2
45.44296;9.13509;2
45.44298;9.16007;2
45.44328;9.18545;2
45.44353;9.17520;2
45.44357;9.17588;2
45.44370;9.22374;2
45.44383;9.14712;2
45.44388;9.18071;2
45.44394;9.22336;2
45.44400;9.16703;2
45.44412;9.22442;2
45.44423;9.22451;2
45.44438;9.17641;2
45.44440;9.21597;2
45.44441;9.14702;2
45.44443;9.21447;2
45.44453;9.16602;2
45.44454;9.18781;2
45.44460;9.20942;2
45.44466;9.20830;2
45.44468;9.12918;2
45.44482;9.16400;2
45.44506;9.16165;2
45.44520;9.18547;2
45.44526;9.16194;2
45.44548;9.21277;2
45.44559;9.17666;2
45.44560;9.18834;2
45.44575;9.21263;2
45.44583;9.16427;2
45.44595;9.13352;2
45.44599;9.17851;2
45.44607;9.24720;2
45.44625;9.19673;2
45.44630;9.14834;2
45.44656;9.17945;2
45.44687;9.20431;2
45.44702;9.12764;2
45.44709;9.20300;2
45.44754;9.17899;2
45.44757;9.18193;2
45.44761;9.20915;2
45.44771;9.21024;2
45.44789;9.20257;2
45.44789;9.20872;2
45.44815;9.15817;2
45.44847;9.20858;2
45.44850;9.20565;2
45.44861;9.19746;2
45.44867;9.11947;2
45.44880;9.18986;2
45.44898;9.12664;2
45.44904;9.16318;2
45.44916;9.18643;2
45.44928;9.19583;2
45.44934;9.16393;2
45.44962;9.13570;2
45.44964;9.16601;2
45.44976;9.22927;2
45.45020;9.18026;2
45.45026;9.20495;2
45.45033;9.16055;2
45.45069;9.20718;2
45.45072;9.17090;2
45.45080;9.14314;2
45.45097;9.12561;2
45.45113;9.16902;2
45.45118;9.19696;2
45.45130;9.18018;2
45.45138;9.21353;2
45.45149;9.22431;2
45.45150;9.18635;2
45.45152;9.18025;2
45.45161;9.08345;2
45.45164;9.13634;2
45.45165;9.22293;2
45.45170;9.19561;2
45.45178;9.16970;2
45.45188;9.21615;2
45.45192;9.15320;2
45.45202;9.19104;2
45.45211;9.19871;2
45.45216;9.20252;2
45.45221;9.15317;2
45.45223;9.13609;2
45.45223;9.17856;2
45.45225;9.18705;2
45.45229;9.15514;2
45.45229;9.17798;2
45.45236;9.17997;2
45.45246;9.18883;2
45.45247;9.20184;2
45.45250;9.16426;2
45.45253;9.21451;2
45.45257;9.18451;2
45.45268;9.20607;2
45.45288;9.22177;2
45.45305;9.19137;2
45.45315;9.17723;2
45.45317;9.24152;2
45.45318;9.15643;2
45.45329;9.21522;2
45.45359;9.18403;2
45.45376;9.20341;2
45.45387;9.15813;2
45.45394;9.13317;2
45.45397;9.19913;2
45.45405;9.16355;2
45.45411;9.18713;2
45.45417;9.20235;2
45.45421;9.08756;2
45.45450;9.15985;2
45.45452;9.22022;2
45.45456;9.08222;2
45.45465;9.20903;2
45.45470;9.17549;2
45.45475;9.09622;2
45.45493;9.16149;2
45.45495;9.16345;2
45.45502;9.23184;2
45.45506;9.11152;2
45.45507;9.20803;2
45.45509;9.16252;2
45.45518;9.22908;2
45.45531;9.11335;2
45.45546;9.12347;2
45.45553;9.21429;2
45.45585;9.16265;2
45.45586;9.22089;2
45.45603;9.21710;2
45.45607;9.17072;2
45.45629;9.16545;2
45.45631;9.16680;2
45.45644;9.20910;2
45.45653;9.24903;2
45.45655;9.11846;2
45.45687;9.20076;2
45.45694;9.14392;2
45.45703;9.09414;2
45.45709;9.21394;2
45.45717;9.19175;2
45.45725;9.18741;2
45.45733;9.20985;2
45.45739;9.21581;2
45.45739;9.15110;2
45.45753;9.09579;2
45.45764;9.18735;2
45.45768;9.12440;2
45.45776;9.15098;2
45.45797;9.12236;2
45.45818;9.08523;2
45.45822;9.24065;2
45.45824;9.21126;2
45.45831;9.21719;2
45.45835;9.12566;2
45.45843;9.16885;2
45.45851;9.16451;2
45.45858;9.13626;2
45.45862;9.19421;2
45.45868;9.1264;2
45.45902;9.15472;2
45.45904;9.16811;2
45.45920;9.21407;2
45.45934;9.08847;2
45.45943;9.10013;2
45.45949;9.14618;2
45.45966;9.20626;2
45.45974;9.20725;2
45.45975;9.10544;2
45.45995;9.13214;2
45.45995;9.09592;2
45.46001;9.20255;2
45.46002;9.17142;2
45.46002;9.16653;2
45.46018;9.20677;2
45.46024;9.14211;2
45.46028;9.11321;2
45.46043;9.20923;2
45.46060;9.17461;2
45.46067;9.06731;2
45.46072;9.23026;2
45.46082;9.09361;2
45.46085;9.11775;2
45.46086;9.14171;2
45.46090;9.19654;2
45.46091;9.20027;2
45.46100;9.17230;2
45.46100;9.11869;2
45.46105;9.20692;2
45.46121;9.18537;2
45.46123;9.14026;2
45.46139;9.13507;2
45.46151;9.18543;2
45.46164;9.24400;2
45.46190;9.17345;2
45.46192;9.23857;2
45.46202;9.21095;2
45.46202;9.14467;2
45.46203;9.19395;2
45.46206;9.23255;2
45.46209;9.20824;2
45.46209;9.20612;2
45.46214;9.20905;2
45.46216;9.20558;2
45.46227;9.12409;2
45.46230;9.22686;2
45.46232;9.21495;2
45.46236;9.20443;2
45.46236;9.20220;2
45.46240;9.13692;2
45.46251;9.19413;2
45.46261;9.22357;2
45.46262;9.14929;2
45.46275;9.17198;2
45.46276;9.15796;2
45.46305;9.16460;2
45.46307;9.13425;2
45.46310;9.12968;2
45.46310;9.15340;2
45.46315;9.21492;2
45.46320;9.19874;2
45.46322;9.23857;2
45.46341;9.11412;2
45.46350;9.20279;2
45.46352;9.20706;2
45.46355;9.16966;2
45.46355;9.20334;2
45.46370;9.18688;2
45.46374;9.12920;2
45.46394;9.17454;2
45.46406;9.21843;2
45.46415;9.22388;2
45.46439;9.08931;2
45.46459;9.18830;2
45.46460;9.15335;2
45.46465;9.19678;2
45.46467;9.20673;2
45.46470;9.18855;2
45.46475;9.15869;2
45.46486;9.21031;2
45.46487;9.17504;2
45.46497;9.13957;2
45.46506;9.21129;2
45.46529;9.15199;2
45.46550;9.14510;2
45.46576;9.19933;2
45.46580;9.20047;2
45.46581;9.17596;2
45.46592;9.17566;2
45.46593;9.14620;2
45.46601;9.12712;2
45.46604;9.14556;2
45.46612;9.16296;2
45.46621;9.18573;2
45.46644;9.20475;2
45.46661;9.15909;2
45.46669;9.13961;2
45.46682;9.19775;2
45.46699;9.20054;2
45.46714;9.14422;2
45.46730;9.16671;2
45.46730;9.13443;2
45.46734;9.13684;2
45.46745;9.17864;2
45.46750;9.15279;2
45.46750;9.22402;2
45.46753;9.16594;2
45.46754;9.15414;2
45.46756;9.16857;2
45.46757;9.17435;2
45.46760;9.16465;2
45.46760;9.21126;2
45.46761;9.21337;2
45.46763;9.17946;2
45.46765;9.13392;2
45.46770;9.17834;2
45.46770;9.13449;2
45.46771;9.21034;2
45.46774;9.20867;2
45.46781;9.15525;2
45.46782;9.23247;2
45.46788;9.16889;2
45.46794;9.20592;2
45.46796;9.18025;2
45.46798;9.13120;2
45.46800;9.15179;2
45.46802;9.20866;2
45.46809;9.20712;2
45.46812;9.22144;2
45.46817;9.18267;2
45.46824;9.12996;2
45.46824;9.08451;2
45.46836;9.17423;2
45.46836;9.12646;2
45.46840;9.16060;2
45.46841;9.20566;2
45.46845;9.17271;2
45.46851;9.21710;2
45.46855;9.19106;2
45.46859;9.12867;2
45.46865;9.22491;2
45.46872;9.18420;2
45.46903;9.18120;2
45.46904;9.22380;2
45.46908;9.11380;2
45.46919;9.19842;2
45.46928;9.17604;2
45.46934;9.16268;2
45.46942;9.19057;2
45.46945;9.23510;2
45.46945;9.21451;2
45.46956;9.15415;2
45.46961;9.18294;2
45.46964;9.22241;2
45.46966;9.13423;2
45.46968;9.13369;2
45.46973;9.20539;2
45.46976;9.20608;2
45.46977;9.19059;2
45.46999;9.11175;2
45.46999;9.17039;2
45.47002;9.14488;2
45.47013;9.19228;2
45.47025;9.15567;2
45.47025;9.12363;2
45.47034;9.21740;2
45.47060;9.18325;2
45.47060;9.20111;2
45.47066;9.20605;2
45.47067;9.26635;2
45.47068;9.21646;2
45.47086;9.22003;2
45.47095;9.21018;2
45.47105;9.14078;2
45.47173;9.14690;2
45.47174;9.21348;2
45.47187;9.16653;2
45.47201;9.11784;2
45.47207;9.21000;2
45.47209;9.17722;2
45.47213;9.11814;2
45.47219;9.19795;2
45.47220;9.20282;2
45.47231;9.21015;2
45.47236;9.20328;2
45.47244;9.16646;2
45.47248;9.17379;2
45.47251;9.15255;2
45.47256;9.20105;2
45.47259;9.13773;2
45.47272;9.21586;2
45.47291;9.21523;2
45.47295;9.21149;2
45.47302;9.19959;2
45.47308;9.08017;2
45.47315;9.15568;2
45.47321;9.15162;2
45.47340;9.21354;2
45.47346;9.19302;2
45.47349;9.20675;2
45.47354;9.23442;2
45.47368;9.19516;2
45.47372;9.11980;2
45.47387;9.19467;2
45.47390;9.13022;2
45.47402;9.20532;2
45.47407;9.11665;2
45.47418;9.15146;2
45.47471;9.08260;2
45.47483;9.21053;2
45.47519;9.16152;2
45.47525;9.14894;2
45.47529;9.19469;2
45.47529;9.18140;2
45.47535;9.19490;2
45.47543;9.11069;2
45.47549;9.13319;2
45.47571;9.18653;2
45.47574;9.12103;2
45.47589;9.14346;2
45.47597;9.16869;2
45.47609;9.21957;2
45.47611;9.15138;2
45.47617;9.11517;2
45.47621;9.24700;2
45.47622;9.14870;2
45.47622;9.09631;2
45.47636;9.20378;2
45.47642;9.14712;2
45.47695;9.23435;2
45.47696;9.20757;2
45.47706;9.10883;2
45.47710;9.17566;2
45.47718;9.18143;2
45.47743;9.21685;2
45.47751;9.14049;2
45.47758;9.14583;2
45.47758;9.20485;2
45.47763;9.11721;2
45.47771;9.18457;2
45.47785;9.14303;2
45.47795;9.14640;2
45.47809;9.17613;2
45.47852;9.08997;2
45.47852;9.20281;2
45.47876;9.14277;2
45.47890;9.19556;2
45.47891;9.20191;2
45.47895;9.20312;2
45.47923;9.23001;2
45.47931;9.21384;2
45.47962;9.18224;2
45.47967;9.22494;2
45.47969;9.20066;2
45.47979;9.21169;2
45.47987;9.17485;2
45.47998;9.10176;2
45.48000;9.19712;2
45.48001;9.20755;2
45.48014;9.19929;2
45.48018;9.21076;2
45.48019;9.24561;2
45.48029;9.21939;2
45.48053;9.16536;2
45.48053;9.21111;2
45.48055;9.19659;2
45.48059;9.20969;2
45.48087;9.18433;2
45.48114;9.20532;2
45.48123;9.18245;2
45.48126;9.21690;2
45.48177;9.22121;2
45.48181;9.23764;2
45.48186;9.19253;2
45.48186;9.18140;2
45.48191;9.18362;2
45.48207;9.22037;2
45.48211;9.19182;2
45.48219;9.25396;2
45.48224;9.17559;2
45.48229;9.16945;2
45.48233;9.18145;2
45.48240;9.20662;2
45.48245;9.14768;2
45.48248;9.19519;2
45.48251;9.18150;2
45.48251;9.22384;2
45.48285;9.16918;2
45.48299;9.21381;2
45.48316;9.1699;2
45.48323;9.22362;2
45.48340;9.20476;2
45.48341;9.16233;2
45.48354;9.17097;2
45.48358;9.21018;2
45.48360;9.18010;2
45.48368;9.21685;2
45.48374;9.21407;2
45.48432;9.22116;2
45.48433;9.21674;2
45.48438;9.18196;2
45.48447;9.21713;2
45.48452;9.15129;2
45.48452;9.21883;2
45.48466;9.20875;2
45.48467;9.13018;2
45.48480;9.08376;2
45.48520;9.20935;2
45.48530;9.17623;2
45.48536;9.21540;2
45.48540;9.20096;2
45.48542;9.21325;2
45.48548;9.21628;2
45.48555;9.21168;2
45.48584;9.12443;2
45.48592;9.13022;2
45.48599;9.16376;2
45.48604;9.22543;2
45.48605;9.21252;2
45.48606;9.20032;2
45.48611;9.21793;2
45.48622;9.13607;2
45.48657;9.21535;2
45.48661;9.13526;2
45.48706;9.13162;2
45.48710;9.17489;2
45.48713;9.22016;2
45.48714;9.15708;2
45.48726;9.20570;2
45.48732;9.18881;2
45.48733;9.17775;2
45.48740;9.21727;2
45.48759;9.16568;2
45.48759;9.22109;2
45.48775;9.17076;2
45.48804;9.16181;2
45.48831;9.21136;2
45.48844;9.17110;2
45.48851;9.15729;2
45.48854;9.22156;2
45.48854;9.15436;2
45.48874;9.22239;2
45.48874;9.19407;2
45.48877;9.22467;2
45.48884;9.16804;2
45.48884;9.12439;2
45.48898;9.20232;2
45.48899;9.21096;2
45.48903;9.21381;2
45.48936;9.23250;2
45.48939;9.18310;2
45.48946;9.20053;2
45.48949;9.15421;2
45.48966;9.16999;2
45.48971;9.22350;2
45.48975;9.19301;2
45.48976;9.12759;2
45.48976;9.12320;2
45.48991;9.23485;2
45.49006;9.19147;2
45.49051;9.16034;2
45.49088;9.22353;2
45.49089;9.22497;2
45.49114;9.21293;2
45.49115;9.14697;2
45.49122;9.24020;2
45.49125;9.18174;2
45.49127;9.24244;2
45.49128;9.24271;2
45.49139;9.18894;2
45.49146;9.14957;2
45.49147;9.12228;2
45.49167;9.20539;2
45.49185;9.14791;2
45.49191;9.18182;2
45.49196;9.22775;2
45.49206;9.19511;2
45.49210;9.10778;2
45.49233;9.14814;2
45.49247;9.10721;2
45.49276;9.23652;2
45.49278;9.19838;2
45.49280;9.13031;2
45.49313;9.22233;2
45.49316;9.18236;2
45.49321;9.14498;2
45.49331;9.20510;2
45.49378;9.23607;2
45.49379;9.23618;2
45.49391;9.14344;2
45.49419;9.20638;2
45.49444;9.22175;2
45.49460;9.15237;2
45.49477;9.21955;2
45.49496;9.22853;2
45.49500;9.20935;2
45.49512;9.13098;2
45.49526;9.14360;2
45.49527;9.18577;2
45.49535;9.17623;2
45.49541;9.12965;2
45.49543;9.17972;2
45.49548;9.13955;2
45.49574;9.18127;2
45.49595;9.19374;2
45.49628;9.15493;2
45.49631;9.18384;2
45.49638;9.11754;2
45.49642;9.17210;2
45.49643;9.17241;2
45.49654;9.17098;2
45.49670;9.17262;2
45.49673;9.18641;2
45.49716;9.17914;2
45.49732;9.18525;2
45.49733;9.22031;2
45.49743;9.14869;2
45.49752;9.18374;2
45.49757;9.22038;2
45.49762;9.18642;2
45.49805;9.18939;2
45.49810;9.17007;2
45.49812;9.16441;2
45.49823;9.13409;2
45.49836;9.13352;2
45.49856;9.16431;2
45.49856;9.18436;2
45.49865;9.12756;2
45.49881;9.11128;2
45.49890;9.15022;2
45.49891;9.19835;2
45.49903;9.19956;2
45.49934;9.23643;2
45.49957;9.19100;2
45.49983;9.12603;2
45.50014;9.19906;2
45.50020;9.24285;2
45.50029;9.13006;2
45.50035;9.12888;2
45.50041;9.18142;2
45.50049;9.11696;2
45.50074;9.10535;2
45.50104;9.14559;2
45.50144;9.14509;2
45.50149;9.19298;2
45.50176;9.24300;2
45.50187;9.23978;2
45.50193;9.16659;2
45.50223;9.11377;2
45.50226;9.14004;2
45.50294;9.18499;2
45.50302;9.24463;2
45.50311;9.17661;2
45.50350;9.14041;2
45.50356;9.16435;2
45.50405;9.21197;2
45.50420;9.22245;2
45.50499;9.19707;2
45.50522;9.17140;2
45.50538;9.14759;2
45.50566;9.24259;2
45.50615;9.13896;2
45.50731;9.18515;2
45.50737;9.24733;2
45.50739;9.26782;2
45.50742;9.23432;2
45.50754;9.20423;2
45.50756;9.19829;2
45.50760;9.10748;2
45.50770;9.22326;2
45.50775;9.16187;2
45.50819;9.25497;2
45.50857;9.20917;2
45.50878;9.13284;2
45.50886;9.23612;2
45.50889;9.17722;2
45.50889;9.24686;2
45.50890;9.22364;2
45.50894;9.20489;2
45.50903;9.22682;2
45.50922;9.19929;2
45.50948;9.24764;2
45.50954;9.19261;2
45.51021;9.25385;2
45.51035;9.15939;2
45.51039;9.20839;2
45.51049;9.20589;2
45.51076;9.13754;2
45.51084;9.20469;2
45.51092;9.22632;2
45.51096;9.23517;2
45.51100;9.20618;2
45.51130;9.20308;2
45.51187;9.12842;2
45.51190;9.20906;2
45.51258;9.19144;2
45.51267;9.26070;2
45.51275;9.23440;2
45.51324;9.12569;2
45.51359;9.22490;2
45.51452;9.20802;2
45.51461;9.21078;2
45.51471;9.13946;2
45.51506;9.12811;2
45.51510;9.14211;2
45.51567;9.20880;2
45.51617;9.17951;2
45.51618;9.17448;2
45.51632;9.20659;2
45.51654;9.14318;2
45.51656;9.20346;2
45.51675;9.20022;2
45.51680;9.15556;2
45.51697;9.17384;2
45.51712;9.20379;2
45.51730;9.22616;2
45.51791;9.19188;2
45.51805;9.11870;2
45.51843;9.13533;2
45.51856;9.13530;2
45.51871;9.22658;2
45.51946;9.21863;2
45.52012;9.17005;2
45.52032;9.22161;2
45.52046;9.17059;2
45.52116;9.21444;2
45.52133;9.15274;2
45.52141;9.17224;2
45.52278;9.15976;2
45.52312;9.16152;2
45.52355;9.16454;2
45.52389;9.21356;2
45.52403;9.16627;2
45.52413;9.20775;2
45.52575;9.21437;2
45.52634;9.21227;2
45.52923;9.14952;2
45.53087;9.15569;2
45.53520;9.16693;2
45.53552;9.16805;2
45.41378;9.17653;3
45.42022;9.20359;3
45.42605;9.16972;3
45.42627;9.16987;3
45.42694;9.17742;3
45.42865;9.24807;3
45.43101;9.24589;3
45.43269;9.17371;3
45.43286;9.19321;3
45.43435;9.12405;3
45.43489;9.21997;3
45.43593;9.12418;3
45.43607;9.20062;3
45.43614;9.23539;3
45.43615;9.16504;3
45.43644;9.20435;3
45.43658;9.20606;3
45.43664;9.19168;3
45.43750;9.16510;3
45.43777;9.17304;3
45.43792;9.17833;3
45.43937;9.12644;3
45.43954;9.21689;3
45.44072;9.13302;3
45.44094;9.18306;3
45.44147;9.21614;3
45.44203;9.17629;3
45.44334;9.22149;3
45.44338;9.19899;3
45.44347;9.15949;3
45.44397;9.17241;3
45.44494;9.18501;3
45.44707;9.20987;3
45.44717;9.13428;3
45.44727;9.25556;3
45.44857;9.18994;3
45.44900;9.13380;3
45.44903;9.14384;3
45.44954;9.16534;3
45.45014;9.09823;3
45.45052;9.22336;3
45.45092;9.19681;3
45.45092;9.24148;3
45.45096;9.25084;3
45.45171;9.19071;3
45.45204;9.19417;3
45.45212;9.19274;3
45.45241;9.17679;3
45.45247;9.18456;3
45.45254;9.18602;3
45.45259;9.21419;3
45.45262;9.24761;3
45.45273;9.13277;3
45.45298;9.17838;3
45.45316;9.17952;3
45.45362;9.22379;3
45.45410;9.15290;3
45.45412;9.14918;3
45.45432;9.17579;3
45.45499;9.22922;3
45.45527;9.16317;3
45.45556;9.21131;3
45.45590;9.13997;3
45.45604;9.17381;3
45.45611;9.09017;3
45.45618;9.22375;3
45.45619;9.22916;3
45.45686;9.11936;3
45.45709;9.20751;3
45.45732;9.17150;3
45.45732;9.18070;3
45.45740;9.07865;3
45.45753;9.12220;3
45.45822;9.08955;3
45.45829;9.17879;3
45.45834;9.13043;3
45.45845;9.16737;3
45.45891;9.20551;3
45.45898;9.16433;3
45.45939;9.17073;3
45.45947;9.19029;3
45.45977;9.15676;3
45.45986;9.15490;3
45.45996;9.15074;3
45.46003;9.20640;3
45.46014;9.14568;3
45.46048;9.20513;3
45.46079;9.06779;3
45.46134;9.16365;3
45.46154;9.27758;3
45.46171;9.15089;3
45.46187;9.20666;3
45.46190;9.22022;3
45.46192;9.23827;3
45.46197;9.23518;3
45.46211;9.21238;3
45.46216;9.25397;3
45.46225;9.08635;3
45.46231;9.20888;3
45.46233;9.17366;3
45.46238;9.21814;3
45.46251;9.09306;3
45.46254;9.21267;3
45.46277;9.16406;3
45.46414;9.22408;3
45.46420;9.23021;3
45.46428;9.20650;3
45.46434;9.20748;3
45.46445;9.13716;3
45.46544;9.17047;3
45.46562;9.15856;3
45.46570;9.17175;3
45.46573;9.17694;3
45.46618;9.20260;3
45.46622;9.16580;3
45.46637;9.15512;3
45.46647;9.19547;3
45.46659;9.21127;3
45.46668;9.14629;3
45.46686;9.16507;3
45.46692;9.14655;3
45.46712;9.15301;3
45.46739;9.13605;3
45.46764;9.14060;3
45.46767;9.21686;3
45.46784;9.14127;3
45.46813;9.17676;3
45.46820;9.17655;3
45.46842;9.22947;3
45.46853;9.15878;3
45.46857;9.19141;3
45.46867;9.22376;3
45.46902;9.13266;3
45.46922;9.14306;3
45.46930;9.21741;3
45.46931;9.14041;3
45.46991;9.12331;3
45.47059;9.16459;3
45.47061;9.20539;3
45.47070;9.20685;3
45.47071;9.20538;3
45.47073;9.21119;3
45.47083;9.21706;3
45.47106;9.15443;3
45.47172;9.21737;3
45.47175;9.22161;3
45.47177;9.18227;3
45.47192;9.2052;3
45.47237;9.13660;3
45.47282;9.19277;3
45.47294;9.21473;3
45.47304;9.21776;3
45.47310;9.19121;3
45.47327;9.21450;3
45.47339;9.21949;3
45.47346;9.15223;3
45.47461;9.19479;3
45.47473;9.19358;3
45.47479;9.14193;3
45.47522;9.20941;3
45.47612;9.13217;3
45.47650;9.20708;3
45.47680;9.18152;3
45.47690;9.21684;3
45.47711;9.20589;3
45.47711;9.21445;3
45.47726;9.13629;3
45.47767;9.20829;3
45.47798;9.21168;3
45.47804;9.18144;3
45.47831;9.1712;3
45.47833;9.16827;3
45.47841;9.16975;3
45.47845;9.23000;3
45.47878;9.16893;3
45.47902;9.20961;3
45.47941;9.19607;3
45.47942;9.19379;3
45.47980;9.18205;3
45.47981;9.20390;3
45.48012;9.18894;3
45.48025;9.21721;3
45.48031;9.12308;3
45.48033;9.18297;3
45.48041;9.19870;3
45.48069;9.19036;3
45.48078;9.16073;3
45.48081;9.21092;3
45.48104;9.12616;3
45.48186;9.16793;3
45.48187;9.19538;3
45.48194;9.20751;3
45.48215;9.16327;3
45.48255;9.16898;3
45.48256;9.22996;3
45.48272;9.14385;3
45.48309;9.17303;3
45.48320;9.08913;3
45.48363;9.17064;3
45.48372;9.17247;3
45.48405;9.21460;3
45.48422;9.22362;3
45.48433;9.16113;3
45.48463;9.19509;3
45.48507;9.21019;3
45.48526;9.18378;3
45.48538;9.20928;3
45.48558;9.21939;3
45.48674;9.20718;3
45.48750;9.16856;3
45.48760;9.19131;3
45.48835;9.20358;3
45.48836;9.18235;3
45.48856;9.11801;3
45.48872;9.22640;3
45.48885;9.22790;3
45.48897;9.18902;3
45.48935;9.20980;3
45.48995;9.21461;3
45.49059;9.20264;3
45.49083;9.22453;3
45.49173;9.25061;3
45.49232;9.22952;3
45.49262;9.15535;3
45.49299;9.19962;3
45.49309;9.19058;3
45.49339;9.15878;3
45.49348;9.11577;3
45.49372;9.22672;3
45.49417;9.22427;3
45.49471;9.19141;3
45.49492;9.21942;3
45.49515;9.21175;3
45.49525;9.23561;3
45.49564;9.19463;3
45.49578;9.23545;3
45.49608;9.22987;3
45.49610;9.19209;3
45.49693;9.17882;3
45.49707;9.13611;3
45.49740;9.13079;3
45.49761;9.18733;3
45.49874;9.14119;3
45.49879;9.13298;3
45.49882;9.09866;3
45.49954;9.23447;3
45.49964;9.18363;3
45.49970;9.19491;3
45.49994;9.23511;3
45.50003;9.18319;3
45.50027;9.22872;3
45.50260;9.24155;3
45.50302;9.12689;3
45.50356;9.16970;3
45.50367;9.10192;3
45.50370;9.23995;3
45.50478;9.17381;3
45.50526;9.17553;3
45.50533;9.22269;3
45.50541;9.22242;3
45.50554;9.23388;3
45.50565;9.13151;3
45.50580;9.26952;3
45.50641;9.20031;3
45.50739;9.23676;3
45.50809;9.19871;3
45.50840;9.13538;3
45.50843;9.19206;3
45.50856;9.19212;3
45.51048;9.25486;3
45.51120;9.20346;3
45.51209;9.26719;3
45.51214;9.13695;3
45.51314;9.20155;3
45.51335;9.17406;3
45.51412;9.21262;3
45.51545;9.21114;3
45.51623;9.12771;3
45.51666;9.15621;3
45.51668;9.21408;3
45.51763;9.14282;3
45.51896;9.17030;3
45.52038;9.22693;3
45.52067;9.16919;3
45.52238;9.21003;3
45.52249;9.20965;3
45.52252;9.15832;3
45.52344;9.16328;3
45.52616;9.19771;3
45.53176;9.16935;3
45.41836;9.19064;4
45.43687;9.19246;4
45.43727;9.19394;4
45.43733;9.19016;4
45.43736;9.16482;4
45.43820;9.20004;4
45.43923;9.21609;4
45.44028;9.22416;4
45.44140;9.20567;4
45.44253;9.20937;4
45.44340;9.22164;4
45.44419;9.16742;4
45.44421;9.16286;4
45.44434;9.18261;4
45.44527;9.12172;4
45.44547;9.17281;4
45.44774;9.18676;4
45.44782;9.15671;4
45.44832;9.14163;4
45.44882;9.17968;4
45.44891;9.21154;4
45.44949;9.20659;4
45.45064;9.22928;4
45.45068;9.21264;4
45.45094;9.19398;4
45.45195;9.19412;4
45.45197;9.18465;4
45.45201;9.19889;4
45.45203;9.18013;4
45.45279;9.15520;4
45.45281;9.18104;4
45.45294;9.14993;4
45.45355;9.15509;4
45.45361;9.22424;4
45.45426;9.15349;4
45.45504;9.15288;4
45.45512;9.21057;4
45.45515;9.17244;4
45.45522;9.13218;4
45.45545;9.16270;4
45.45564;9.18713;4
45.45569;9.21674;4
45.45612;9.09111;4
45.45621;9.23061;4
45.45622;9.23001;4
45.45661;9.18431;4
45.45699;9.21694;4
45.45731;9.17084;4
45.45870;9.22394;4
45.45879;9.17781;4
45.45882;9.13827;4
45.45909;9.20907;4
45.45935;9.17681;4
45.45954;9.12953;4
45.46203;9.19282;4
45.46233;9.20769;4
45.46240;9.23022;4
45.46271;9.21233;4
45.46272;9.17279;4
45.46273;9.21176;4
45.46297;9.13450;4
45.46303;9.20524;4
45.46308;9.14821;4
45.46354;9.16410;4
45.46401;9.21343;4
45.46405;9.21719;4
45.46554;9.22386;4
45.46728;9.15498;4
45.46757;9.16890;4
45.46765;9.17678;4
45.46825;9.21598;4
45.46843;9.23014;4
45.46850;9.13736;4
45.46879;9.12659;4
45.46879;9.19924;4
45.46892;9.18538;4
45.46986;9.22141;4
45.47039;9.23999;4
45.47040;9.11345;4
45.47060;9.15527;4
45.47078;9.21472;4
45.47090;9.22378;4
45.47095;9.23013;4
45.47096;9.25587;4
45.47181;9.17268;4
45.47186;9.20246;4
45.47266;9.07002;4
45.47292;9.11909;4
45.47416;9.15521;4
45.47424;9.22663;4
45.47487;9.20549;4
45.47529;9.22136;4
45.47692;9.23003;4
45.47774;9.17396;4
45.47789;9.21145;4
45.47804;9.20386;4
45.47804;9.18046;4
45.47917;9.14278;4
45.47947;9.16999;4
45.47967;9.19288;4
45.48013;9.21958;4
45.48047;9.14318;4
45.48050;9.21414;4
45.48054;9.18514;4
45.48064;9.17478;4
45.48083;9.16628;4
45.48127;9.20875;4
45.48259;9.16862;4
45.48273;9.15375;4
45.48278;9.16952;4
45.48293;9.16984;4
45.48305;9.14344;4
45.48320;9.14791;4
45.48497;9.16211;4
45.48552;9.23402;4
45.48560;9.18200;4
45.48570;9.21708;4
45.48598;9.20650;4
45.48599;9.22114;4
45.48602;9.22355;4
45.48609;9.24062;4
45.48610;9.21852;4
45.48755;9.17278;4
45.48774;9.16571;4
45.48783;9.16207;4
45.48785;9.19343;4
45.48808;9.14956;4
45.48833;9.20414;4
45.48845;9.20371;4
45.48943;9.16398;4
45.49067;9.16586;4
45.49091;9.22527;4
45.49145;9.18400;4
45.49146;9.19736;4
45.49310;9.20874;4
45.49318;9.18472;4
45.49462;9.07616;4
45.49545;9.17758;4
45.49590;9.19279;4
45.49653;9.21308;4
45.49656;9.11516;4
45.49683;9.17735;4
45.49735;9.18554;4
45.49942;9.16899;4
45.50040;9.19756;4
45.50128;9.19767;4
45.50162;9.18832;4
45.50289;9.17024;4
45.50625;9.17903;4
45.50633;9.22286;4
45.50839;9.20167;4
45.50997;9.20797;4
45.51074;9.13818;4
45.51243;9.22454;4
45.51315;9.18612;4
45.51531;9.20534;4
45.51541;9.12288;4
45.51645;9.17855;4
45.51669;9.15633;4
45.52099;9.15105;4
45.52248;9.17400;4
45.52642;9.17307;4
45.52862;9.16334;4
45.40852;9.17079;5
45.41847;9.17579;5
45.43737;9.18356;5
45.44252;9.26164;5
45.44255;9.21916;5
45.44264;9.12360;5
45.44406;9.13892;5
45.44410;9.18290;5
45.44466;9.22793;5
45.44497;9.17921;5
45.44540;9.16405;5
45.44565;9.21313;5
45.44589;9.14592;5
45.44667;9.20436;5
45.44703;9.21043;5
45.44768;9.18302;5
45.44768;9.19758;5
45.44790;9.18542;5
45.44850;9.19440;5
45.44909;9.09704;5
45.44925;9.22931;5
45.45018;9.16781;5
45.45030;9.15565;5
45.45086;9.25067;5
45.45096;9.19039;5
45.45143;9.15081;5
45.45252;9.15421;5
45.45362;9.09250;5
45.45537;9.20826;5
45.45576;9.15454;5
45.45657;9.21513;5
45.45720;9.15901;5
45.45822;9.16984;5
45.45847;9.21074;5
45.45890;9.16262;5
45.45986;9.14909;5
45.46045;9.11109;5
45.46212;9.22389;5
45.46212;9.13685;5
45.46223;9.22154;5
45.46326;9.14810;5
45.46330;9.13653;5
45.46358;9.16521;5
45.46415;9.22367;5
45.46480;9.20002;5
45.46550;9.21840;5
45.46604;9.16603;5
45.46667;9.14966;5
45.46831;9.16758;5
45.46926;9.21470;5
45.47039;9.13975;5
45.47071;9.20858;5
45.47097;9.23670;5
45.47208;9.21705;5
45.47275;9.19644;5
45.47312;9.14397;5
45.47330;9.22958;5
45.47369;9.22351;5
45.47398;9.19606;5
45.47403;9.16984;5
45.47450;9.16435;5
45.47630;9.16159;5
45.47632;9.13866;5
45.47826;9.25546;5
45.47939;9.16746;5
45.47944;9.10290;5
45.47949;9.21693;5
45.47953;9.24271;5
45.48070;9.18294;5
45.48095;9.19755;5
45.48181;9.16427;5
45.48203;9.17093;5
45.48367;9.13408;5
45.48395;9.18269;5
45.48455;9.19521;5
45.48589;9.15857;5
45.48603;9.21602;5
45.48609;9.22993;5
45.48613;9.16812;5
45.48631;9.23722;5
45.48708;9.24945;5
45.49013;9.18343;5
45.49071;9.12996;5
45.49077;9.19875;5
45.49122;9.15683;5
45.49182;9.14499;5
45.49355;9.19226;5
45.49502;9.19613;5
45.49521;9.18323;5
45.49553;9.19413;5
45.49618;9.13774;5
45.49684;9.11452;5
45.49723;9.18879;5
45.49825;9.16662;5
45.50074;9.19329;5
45.50090;9.19024;5
45.50447;9.18029;5
45.50515;9.09331;5
45.50972;9.20201;5
45.51204;9.25817;5
45.51327;9.17412;5
45.51383;9.26490;5
45.51581;9.17235;5
45.51743;9.20979;5
45.52749;9.16416;5
45.53521;9.16696;5
45.43892;9.22655;6
45.43974;9.20581;6
45.44412;9.18267;6
45.44428;9.12188;6
45.44639;9.19821;6
45.44786;9.22410;6
45.45127;9.15504;6
45.45193;9.09367;6
45.45219;9.10205;6
45.45239;9.18678;6
45.45552;9.17303;6
45.45677;9.18360;6
45.45726;9.24230;6
45.45753;9.16876;6
45.45771;9.21286;6
45.45818;9.16946;6
45.45859;9.12625;6
45.45919;9.16831;6
45.46047;9.10909;6
45.46208;9.20576;6
45.46224;9.21573;6
45.47012;9.22139;6
45.47588;9.13854;6
45.47667;9.19967;6
45.47833;9.18153;6
45.47983;9.14282;6
45.48098;9.15109;6
45.48260;9.16397;6
45.48295;9.14860;6
45.48442;9.18040;6
45.48452;9.18002;6
45.48482;9.22993;6
45.48504;9.21037;6
45.48627;9.21672;6
45.48671;9.21676;6
45.48906;9.22986;6
45.49059;9.20683;6
45.49083;9.15247;6
45.49145;9.20510;6
45.49303;9.14614;6
45.49327;9.15670;6
45.49539;9.20746;6
45.49725;9.18410;6
45.49741;9.18657;6
45.49966;9.14565;6
45.50461;9.13989;6
45.51152;9.20062;6
45.51399;9.17928;6
45.51738;9.13560;6
45.51857;9.20743;6
45.42998;9.17777;7
45.43741;9.16271;7
45.44373;9.17625;7
45.44627;9.15978;7
45.44649;9.19818;7
45.45071;9.11870;7
45.45461;9.17537;7
45.45487;9.21598;7
45.45643;9.17276;7
45.46079;9.16077;7
45.46221;9.22412;7
45.46235;9.22779;7
45.46246;9.19805;7
45.46552;9.21748;7
45.47236;9.16730;7
45.47329;9.21701;7
45.47605;9.22404;7
45.47635;9.21109;7
45.47835;9.08910;7
45.47997;9.18990;7
45.48330;9.21385;7
45.48661;9.24637;7
45.48683;9.20700;7
45.48688;9.19838;7
45.48739;9.13018;7
45.49198;9.19481;7
45.49306;9.21885;7
45.49465;9.18535;7
45.49479;9.11661;7
45.49667;9.17117;7
45.49717;9.16249;7
45.50092;9.12201;7
45.51458;9.24500;7
45.51521;9.20572;7
45.51954;9.14312;7
45.52193;9.13337;7
45.52328;9.17159;7
45.52463;9.17935;7
45.52820;9.21332;7
45.42280;9.16772;8
45.43760;9.17107;8
45.44351;9.17902;8
45.44380;9.17305;8
45.45618;9.22398;8
45.45709;9.16944;8
45.45761;9.19336;8
45.46201;9.25645;8
45.46593;9.14621;8
45.46832;9.16114;8
45.46887;9.13696;8
45.47468;9.14973;8
45.47566;9.21734;8
45.48285;9.19321;8
45.48581;9.18218;8
45.48661;9.21105;8
45.48696;9.14699;8
45.48798;9.20467;8
45.49422;9.15766;8
45.49588;9.13901;8
45.49935;9.13069;8
45.51592;9.20310;8
45.52584;9.16853;8
45.44774;9.13987;9
45.45442;9.21568;9
45.46033;9.11497;9
45.46216;9.20661;9
45.46225;9.21471;9
45.47151;9.16819;9
45.47232;9.13230;9
45.48588;9.21642;9
45.48703;9.19808;9
45.48781;9.21232;9
45.48826;9.15515;9
45.48961;9.20111;9
45.49222;9.14710;9
45.49829;9.16500;9
45.50418;9.24618;9
45.50489;9.22225;9
45.43735;9.18767;10
45.43741;9.17828;10
45.45867;9.22186;10
45.46048;9.11565;10
45.47109;9.16900;10
45.47425;9.20486;10
45.48606;9.22794;10
45.48848;9.19954;10
45.48896;9.21056;10
45.49634;9.19207;10
45.50233;9.21058;10
45.44621;9.19437;11
45.46067;9.22393;11
45.46420;9.18998;11
45.47703;9.17822;11
45.41630;9.17534;12
45.45556;9.11488;12
45.47507;9.20291;12
45.48992;9.15153;12
45.49204;9.20395;12
45.45974;9.07710;13
45.46004;9.14964;13
45.48455;9.20285;13
45.50548;9.22736;13
45.52176;9.21224;13
45.44610;9.16013;14
45.46227;9.21752;14
45.47229;9.19555;14
45.49615;9.21979;14
45.50265;9.23858;14
45.51046;9.18060;14
45.49342;9.13404;15
45.49543;9.19450;15
45.45196;9.19655;16
45.42440;9.20364;17
45.48584;9.14482;17
45.44644;9.22949;18
45.47872;9.19756;18
45.49409;9.18749;18
45.45238;9.15413;19
45.49273;9.19259;19
45.48077;9.09861;20
45.42876;9.24748;22
45.44566;9.18770;22
45.49853;9.13053;32